0.00854850
0.36875963
0.00888872
0.01065683
0.00946426
0.01102924
0.00789738
0.00883293
0.01006651
0.00809383
0.00965428
0.00904775
0.00906444
0.01748562
0.01145911
0.00876808
0.00896072
0.00894213
0.01123428
0.00989151
0.01032209
0.01054811
0.00911355
0.00858831
0.01077604
0.01068568
0.01238513
0.00953865
0.00924301
0.00940061
0.01316428
0.01064610
0.00946784
0.00872254
0.01074600
0.00915027
0.01048064
0.00979638
0.01184273
0.01074743
0.00976777
0.01017714
0.01066637
0.00847864
0.01150274
0.01149988
0.00924063
0.00973868
0.00821137
0.01168394
0.00914764
0.01055288
0.00960207
0.00942302
0.01017451
0.00969434
0.01172495
0.00990963
0.00900149
0.00943780
0.00930524
0.00869989
0.00964212
0.01021028
0.00980520
0.00989342
0.01014423
0.00894141
0.01006961
0.01065683
0.01047397
0.00872540
0.01018357
0.00891876
0.00872898
0.00925756
0.00929356
0.01058078
0.01123977
0.00872016
0.00985670
0.01024866
0.01081634
0.00960660
0.00987291
0.01083207
0.01246595
0.01105094
0.00965524
0.01015234
0.01028514
0.01291490
0.01016402
0.01078725
0.01058841
0.01114655
0.01032448
0.01166892
0.00948381
0.01158094
0.01187921
0.01190042
0.01188707
0.01180983
0.01145148
0.00940180
0.01071811
0.00939631
0.00883770
0.00880885
0.00859642
0.00822401
0.00836396
0.00918150
0.00877476
0.00996804
0.00838184
0.00932050
0.00896382
0.01011610
0.00994682
0.00960636
0.00966144
0.01016855
0.00913811
0.00995779
0.00838065
0.00889182
0.00978589
0.01131320
0.00943208
0.01087093
0.00862336
0.00923038
0.00934100
0.00967526
0.01170993
0.01028299
0.01001191
0.00875783
0.00892782
0.00854635
0.00935030
0.01005483
0.00857806
0.01049972
0.00821781
0.00983977
0.01010156
0.00884652
0.00880098
0.01116467
0.00800252
0.00835133
0.00926924
0.01020789
0.00961781
0.01107955
0.00913596
0.00996304
0.00901270
0.00893903
0.00875640
0.00874209
0.00880194
0.00935173
0.01000237
0.00979805
0.00908160
0.00910330
0.00888133
0.00885201
0.00906515
0.00842214
0.00868177
0.00880814
0.00878000
0.00894237
0.00773621
0.01180625
0.00925469
0.00823998
0.00848722
0.01007819
0.00878787
0.00853658
0.00787878
0.01175928
0.00832152
0.00839877
0.00932455
0.00992036
0.00814557
0.00994706
0.00950623
0.00904799
0.00916934
0.00839853
0.01028562
0.00806904
0.00865626
0.01008940
0.00956464
0.01116347
0.01009321
0.00986600
0.00972462
0.00989175
0.01092720
0.00920987
0.01057005
0.00992465
0.01052690
0.01009941
0.01045704
0.01069045
0.00974894
0.00954962
0.00830579
0.00930905
0.00868464
0.01034689
0.00967884
0.00954437
0.00938582
0.00906706
0.01001859
0.00986362
0.00899172
0.00898790
0.00837994
0.00822306
0.00825882
0.01022506
0.00842094
0.00859666
0.00834942
0.00955272
0.01059461
0.00901794
0.00958395
0.01090431
0.00787711
0.00899696
0.00904608
0.00876141
0.00822830
0.00920200
0.00879884
0.00842786
0.00790191
0.01055694
0.00954700
0.00860214
0.00957537
0.01004410
0.00818563
0.00911689
0.00793862
0.00848794
0.00846219
0.00905323
0.00881410
0.00940418
0.00855303
0.00932121
0.00792313
0.00903320
0.00918221
0.00869441
0.00925398
0.00857353
0.00882196
0.00820708
0.00840592
0.00883007
0.00801492
0.00882769
0.00956941
0.00921297
0.00817275
0.00841236
0.00877142
0.00918937
0.00791669
0.00956774
0.00860810
0.00867295
0.00862336
0.00883985
0.01076913
0.00834346
0.00982499
0.00850749
0.00862050
0.00879788
0.00939989
0.00950003
0.00776911
0.00907922
0.00936723
0.00848532
0.00937057
0.00862432
0.00891781
0.00849056
0.00892258
0.00927401
0.00859618
0.00974107
0.00919604
0.00935292
0.00894761
0.00870252
0.00965285
0.00969648
0.00852156
0.00852633
0.00906587
0.00808358
0.00804877
0.00810647
0.00891733
0.00900292
0.00884461
0.00915933
0.01056123
0.00834036
0.00890398
0.00879431
0.00973964
0.00913548
0.00869513
0.00887680
0.00835681
0.00825977
0.00972128
0.00987530
0.00924397
0.00988317
0.01031017
0.01015401
0.01014614
0.01001430
0.01044846
0.00964165
0.00907540
0.00877333
0.00843120
0.00928354
0.00804067
0.00839210
0.00897479
0.00817728
0.00864267
0.00894427
0.00879216
0.00869203
0.00905514
0.00877094
0.00799608
0.00859427
0.00902724
0.00886989
0.00875735
0.00899601
0.00944591
0.00932884
0.01029348
0.01039791
0.00957537
0.00921130
0.00904298
0.00953960
0.00941420
0.00912619
0.00884175
0.01020646
0.00792742
0.00904918
0.00787139
0.00922227
0.00935602
0.00996304
0.00888443
0.00790286
0.00884724
0.00800657
0.00854516
0.00937963
0.00967765
0.00890827
0.00823736
0.00892520
0.00889683
0.00899506
0.00907350
0.00942683
0.00840688
0.00856113
0.00944614
0.00823808
0.00937152
0.00954938
0.01049232
0.00923347
0.00882053
0.00877023
0.00895715
0.00908589
0.00833869
0.00946140
0.00976419
0.00978255
0.01074457
0.00901294
0.00835228
0.00818110
0.00927210
0.00936198
0.00810409
0.00860763
0.00992918
0.00957942
0.01142120
0.00801945
0.01168394
0.00863957
0.00895476
0.00922346
0.00892258
0.00858855
0.00871468
0.00926828
0.00911903
0.00961709
0.00858998
0.00946546
0.00999165
0.00962996
0.00928473
0.00972724
0.00999427
0.00990057
0.01078439
0.00826144
0.00838637
0.00819898
0.00895309
0.00925970
0.00903654
0.00909066
0.00912333
0.00854754
0.00886774
0.00895429
0.00953150
0.01007938
0.01038289
0.00837231
0.00823498
0.00924063
0.00897431
0.00949097
0.00838470
0.00880814
0.00878692
0.00795722
0.00883269
0.00956559
0.00948262
0.00858068
0.00877595
0.00887394
0.00911117
0.01021600
0.01063228
0.00978804
0.00982308
0.00976753
0.00849199
0.00906157
0.01081347
0.00958848
0.00983262
0.00894690
0.00904274
0.00901985
0.00940013
0.00865531
0.00803328
0.00842929
0.00893664
0.00784874
0.00914788
0.00811505
0.01211667
0.01238155
0.00957680
0.00892758
0.00996709
0.00905132
0.00905418
0.00894570
0.00968075
0.00918579
0.01011705
0.01003146
0.00926518
0.00949740
0.00823784
0.00820255
0.00928712
0.00894690
0.00857520
0.00811315
0.00899649
0.00868678
0.00794148
0.01100373
0.00884557
0.00836992
0.00841022
0.00899982
0.00900292
0.00975680
0.01007748
0.01427722
0.01216030
0.01158309
0.01021481
0.01001954
0.00926805
0.01196694
0.01197648
0.01115203
0.01259232
0.00925398
0.00980783
0.00906348
0.01021338
0.00970411
0.01053095
0.00960732
0.00975609
0.00991201
0.01057196
0.01016021
0.01069784
0.01028538
0.01197267
0.00847530
0.01041532
0.01106572
0.01133156
0.00950670
0.00977516
0.01007986
0.01018238
0.01028371
0.01126289
0.01376009
0.00997639
0.01249599
0.01198816
0.00940776
0.01000428
0.01118827
0.01116133
0.01082277
0.00863957
0.00957179
0.01087427
0.01010203
0.01098847
0.01018095
0.01009512
0.01031709
0.00964522
0.01130128
0.01015949
0.00996399
0.00881004
0.00899863
0.00908899
0.00955248
0.01079726
0.01028228
0.00914931
0.00948405
0.00921822
0.00908613
0.01082659
0.01131964
0.01220632
0.01175570
0.01091862
0.01095772
0.00915742
0.00970697
0.00990129
0.01065350
0.00913715
0.01017761
0.01067162
0.01039100
0.00866437
0.01099253
0.01011539
0.01022124
0.01015162
0.00914216
0.01075983
0.00954437
0.01061821
0.00885749
0.00987649
0.00967598
0.00983644
0.00904560
0.00827241
0.00989819
0.00859261
0.00883651
0.00958586
0.00969529
0.01083612
0.01134086
0.00997853
0.01210046
0.01019788
0.01065183
0.00954342
0.01185727
0.01211715
0.01298690
0.00827861
0.00885797
0.00887036
0.00891829
0.00952435
0.01073670
0.01024556
0.01109338
0.01154590
0.01186609
0.01108265
0.00905609
0.00935149
0.00967050
0.01124406
0.01176381
0.01013088
0.01040053
0.01013136
0.00905180
0.01019907
0.00956821
0.00950098
0.00981665
0.00963902
0.00969172
0.00914335
0.01147366
0.00914288
0.00948834
0.01128054
0.00909257
0.00981474
0.01078653
0.00976491
0.00978422
0.01088810
0.00841832
0.00946975
0.00941777
0.01054120
0.01024890
0.00864267
0.00998473
0.01150131
0.00897956
0.01028752
0.01005816
0.00890660
0.00966907
0.00835991
0.00915027
0.01002669
0.01177192
0.01056910
0.01157188
0.01231074
0.01152301
0.01026773
0.01160145
0.01253700
0.01155639
0.01062584
0.01150131
0.00953412
0.01162434
0.01157260
0.01062322
0.00961399
0.00865173
0.00977778
0.01134276
0.00939679
0.01106906
0.01068878
0.01204014
0.01032472
0.01041746
0.01097059
0.01126575
0.01000547
0.01061082
0.00823712
0.01175904
0.01132703
0.00857115
0.00910830
0.00985789
0.01066971
