0.00560737
0.01079535
0.01080179
0.00954366
0.01239157
0.01084304
0.00940323
0.00862885
0.01115298
0.01150703
0.01039720
0.01136041
0.01060057
0.01147223
0.01075673
0.01012421
0.01110816
0.01048112
0.01103187
0.01112628
0.00968695
0.00917935
0.01005220
0.01049256
0.01103806
0.01053333
0.01277113
0.00833964
0.01049995
0.00888872
0.01011443
0.00925756
0.00895309
0.00942636
0.00893235
0.00911856
0.01098490
0.01057696
0.01009703
0.01106954
0.00996161
0.01019669
0.00933981
0.00967908
0.01016569
0.00939178
0.00894403
0.00986624
0.01050496
0.00842190
0.01097655
0.00901675
0.01042867
0.00960016
0.01000571
0.01058650
0.00937104
0.01149988
0.01206779
0.00819683
0.00905704
0.01204944
0.01025581
0.01150894
0.00912356
0.00925112
0.00900745
0.01040626
0.01084781
0.01167154
0.01237440
0.01151347
0.00857830
0.01083851
0.00885582
0.00985551
0.00778604
0.01113105
0.01247001
0.01070380
0.01003814
0.00925136
0.01001978
0.01052165
0.00911379
0.01004791
0.01140499
0.01035714
0.01061106
0.01067710
0.01134133
0.00983024
0.01046753
0.01032519
0.00925612
0.00938725
0.00980234
0.01031137
0.01182938
0.00996852
0.00964522
0.01071596
0.00806832
0.00914526
0.00866294
0.01013327
0.01144290
0.00981641
0.01177883
0.01199746
0.01087284
0.01255393
0.01315117
0.01189542
0.01203179
0.01221085
0.01239300
0.01189065
0.00884128
0.00955486
0.00919342
0.00910425
0.00880289
0.00973082
0.00924182
0.01020503
0.00973749
0.00801897
0.01128268
0.00880480
0.00869966
0.00875044
0.01022363
0.00991845
0.01166797
0.01177526
0.01081276
0.01095009
0.01063013
0.01133418
0.00948000
0.01091719
0.00873637
0.00911903
0.01046705
0.00895476
0.01067138
0.00872350
0.00841856
0.00852990
0.00960803
0.00826001
0.01063442
0.00921845
0.01055622
0.00986743
0.00982857
0.01068616
0.01030517
0.00979733
0.00983000
0.01177287
0.00912762
0.01152301
0.01065350
0.00866342
0.00790930
0.01026392
0.01086688
0.00968385
0.01063776
0.01028180
0.00768185
0.00919032
0.01041794
0.00992513
0.01047707
0.01139951
0.00802040
0.01013637
0.00974751
0.01071548
0.01172996
0.00986290
0.01058388
0.00936198
0.00928950
0.01007843
0.01091027
0.00990057
0.01083302
0.01072454
0.00925756
0.01095772
0.01161790
0.01007009
0.01007104
0.00873280
0.00937748
0.01104140
0.01087618
0.01238012
0.01008129
0.01105213
0.01036620
0.00890136
0.01099396
0.00877953
0.01010132
0.00936365
0.01114368
0.01100779
0.01142097
0.01063561
0.00946331
0.01288271
0.01335335
0.01023054
0.00999475
0.00929713
0.00819373
0.00933862
0.00868750
0.00954771
0.00816250
0.00995898
0.00966954
0.00934672
0.01095152
0.00994086
0.01030898
0.00913095
0.00792217
0.00863028
0.00833869
0.00852227
0.01012921
0.01007462
0.00964093
0.00963092
0.01056409
0.00865436
0.00969791
0.00970697
0.00946093
0.00827718
0.00984979
0.01079440
0.00811005
0.01032376
0.01006198
0.00977612
0.00982451
0.00941944
0.00831795
0.01083946
0.00987983
0.00957274
0.01128793
0.00938320
0.01014161
0.00875378
0.00941682
0.00930429
0.00817919
0.00918579
0.01031423
0.00959659
0.00820112
0.00968623
0.01008201
0.00900030
0.00987172
0.00927258
0.00892973
0.00977921
0.00780892
0.00925016
0.01054239
0.00807428
0.00934863
0.00986671
0.00968599
0.01038837
0.01118159
0.01152158
0.00990629
0.01130986
0.00999689
0.00899386
0.00930858
0.00980783
0.01060963
0.00856948
0.01089668
0.00859427
0.00933337
0.00923705
0.01001525
0.00905895
0.00821185
0.00944281
0.00869417
0.00817204
0.00994134
0.00874186
0.00924206
0.00927448
0.01031423
0.01097131
0.01017642
0.00892091
0.00987315
0.00879002
0.00999022
0.01079082
0.01051307
0.00974631
0.01006222
0.00955105
0.00952744
0.01015782
0.00960898
0.01060152
0.00994539
0.01078510
0.01095223
0.00986624
0.00952554
0.00937438
0.00884247
0.00859642
0.00915909
0.00978088
0.01047826
0.00963020
0.01027894
0.00947404
0.00949454
0.00933027
0.00833488
0.00869942
0.00954890
0.00919867
0.00960374
0.00999308
0.00900769
0.00939417
0.00939322
0.01053643
