0.00663853
0.00979447
0.00940967
0.00990939
0.00987363
0.01011515
0.01097488
0.00968599
0.00978112
0.00853300
0.00910950
0.01083469
0.00910830
0.00796199
0.00972772
0.00974393
0.01029134
0.00909495
0.01063561
0.01023841
0.00813913
0.00840902
0.00821924
0.00971437
0.01046801
0.00973868
0.00935411
0.00875378
0.00870633
0.00900793
0.01031542
0.00891304
0.00901914
0.00860572
0.00958014
0.00978088
0.01104212
0.00937033
0.00876331
0.00899196
0.00921106
0.00976586
0.00946760
0.00905347
0.00956368
0.00897431
0.00917506
0.00958776
0.00901914
0.00946665
0.01027894
0.01111174
0.00896478
0.01084161
0.01027870
0.00976968
0.01291323
0.01078868
0.01052117
0.00945687
0.01063442
0.00970554
0.01021481
0.01039219
0.00924802
0.00821066
0.00850415
0.01005292
0.01094007
0.01012659
0.00964165
0.00932121
0.00949073
0.00871444
0.01060033
0.00881648
0.00896120
0.00949121
0.00973034
0.00879455
0.00947189
0.00953960
0.00859642
0.01075387
0.00900197
0.00883460
0.01082349
0.01055264
0.00949407
0.01053309
0.01137662
0.01105165
0.01048541
0.01059675
0.01040816
0.00959611
0.01055574
0.01069140
0.00810361
0.00879025
0.00888753
0.00877452
0.00828958
0.00921178
0.00890565
0.01015162
0.00976110
0.01040459
0.00950384
0.00991154
0.00936627
0.00960875
0.01024914
0.00973415
0.00939417
0.00865054
0.00919890
0.00979996
0.00975847
0.00939751
0.00964832
0.01016116
0.00919890
0.00955343
0.01053858
0.00998354
0.00926495
0.00907230
0.00962782
0.00981236
0.00936890
0.01077795
0.00867128
0.00784349
0.01136541
0.00968003
0.00853133
0.00907183
0.00874567
0.00958920
0.00944853
0.01097536
0.00985432
0.01202464
0.01023412
0.00975466
0.00989962
0.01042318
0.00978637
0.00901771
0.00887036
0.00875401
0.00982857
0.00947976
0.00964189
0.01009107
0.00977206
0.01040912
0.01023865
0.01038265
0.01005602
0.01156545
0.01064634
0.00815940
0.01200223
0.00980496
0.00877929
0.01062059
0.01005626
0.00887012
0.00882316
0.00843072
0.00986004
0.00874877
0.01040697
0.01063156
0.00960374
0.00908422
0.00843430
0.00972843
0.01099157
0.01129079
0.01016617
0.01050282
0.01035595
0.01191854
0.01164293
0.01069212
0.01016021
0.01086164
0.00928545
0.00980687
0.00978041
0.00906324
0.00996518
0.00893378
0.00897336
0.00959229
0.00866842
0.00944161
0.00987124
0.00903678
0.00877500
0.00866842
0.00850201
0.01097512
0.00915241
0.01094842
0.01019454
0.00945401
0.00949383
0.00907016
0.01110911
0.01211452
0.00976753
0.01017308
0.01001239
0.00841093
0.01031971
0.01123357
0.00981498
0.01056600
0.00906372
0.00993824
0.00861740
0.01063585
0.01052427
0.01002574
0.00817704
0.00829291
0.00825453
0.00867438
0.00927782
0.00971723
0.00987959
0.01124811
0.00910282
0.01151109
0.01100779
0.01035142
0.01010585
0.01237297
0.01005387
0.00927687
0.01031542
0.00865340
0.00914836
0.00864625
0.00834107
0.01048708
0.00944352
0.00908446
0.00967646
0.00873280
0.00955558
0.01052403
0.00830865
0.00872350
0.01089025
0.00920773
0.00918126
0.01143289
0.01127744
0.00884819
0.00891852
0.00988507
0.00887775
0.00907421
0.00977111
0.00949192
0.00846052
0.01092577
0.01017857
0.01000714
0.01021218
0.01054740
0.00973034
0.01041245
0.00964260
0.01013947
0.01008201
0.01002598
0.00962138
0.00885963
0.00900340
0.01021194
0.00990105
0.00988603
0.01039219
0.01120067
0.01049733
0.01045561
0.00931525
0.00845790
0.00894427
0.00934339
0.00922179
0.00945306
0.00897503
0.00966620
0.00997758
0.00903869
0.00974154
0.00945187
0.00932598
0.00964093
0.00907660
0.00915384
0.01020980
0.01047444
0.01102400
0.00975347
0.00845766
0.00898004
0.01005435
0.01134682
0.00991344
0.00959873
0.00974274
0.00935459
0.00930262
0.01087594
0.00902247
0.00974274
0.00882912
0.01055861
0.01020265
0.00952005
0.00908399
0.00853968
0.00838041
0.00817966
0.00839353
0.01011395
0.01022077
0.00830960
0.00907850
0.00892138
0.01099658
0.01091480
0.00961661
0.01001716
0.01006341
0.00970101
0.01113892
0.01145315
0.00998378
0.01018643
0.00974631
0.00914383
0.01016760
0.00928164
0.01041603
0.01094031
0.00973082
0.00915575
0.00952601
0.00915575
0.01039720
0.00986767
0.00998473
0.00978637
0.01263762
0.00961399
0.01156259
0.01085448
0.01001668
0.00910687
0.00943923
0.00952506
0.00869799
0.00978565
0.00890112
0.00968862
0.00916314
0.01005769
0.00972414
0.01060820
0.01035523
0.00974894
0.01071453
0.00959301
0.00949979
0.01005077
0.00922871
0.00981927
0.00805211
0.00856328
0.00910902
0.00990129
0.01007390
0.00877786
0.00818586
0.00938272
0.00908017
0.00847960
0.00848746
0.01082826
0.01015735
0.00809216
0.00985932
0.00960422
0.00973725
0.00962424
0.00809193
0.00880384
0.00816298
0.00899458
0.00918031
0.00889230
0.00886917
0.00956273
0.00965714
0.00970793
0.01021934
0.01075649
0.00967145
0.01151061
0.01212525
0.00951552
0.01049113
0.01042938
0.00974417
0.01066399
0.00966716
0.01022506
0.01086593
0.01081324
0.01112199
0.01142955
0.00994849
0.01159859
0.01023293
0.01056361
0.00970411
0.01009440
0.01007295
0.01072836
0.00939560
0.00858974
0.00874615
0.00889850
0.00873494
0.00853515
0.01034164
0.00953150
0.01020026
0.01082349
0.00954223
0.00968862
0.00999331
0.00888538
0.01011276
0.01067781
0.00938940
0.00834775
0.00882530
0.00971699
0.01016855
0.00918388
0.00941396
0.00964260
0.01123333
0.00976586
0.00993443
0.00914383
0.00882149
0.00836444
0.00838780
0.00876904
0.00953984
0.00948095
0.00887227
0.00856113
0.00995994
0.00852942
0.00874329
0.01015782
0.00935459
0.00878263
0.00996709
0.00964928
0.01018715
0.01025534
0.01033378
0.01118040
0.01019788
0.01011467
0.01037359
0.01087737
0.01091027
0.01036334
0.01005220
0.00911522
0.00999212
0.00943875
0.00947976
0.00920892
0.00925231
0.00888014
0.00938654
0.00975418
0.01069260
0.00937009
0.00818372
0.00938296
0.00927353
0.01066780
0.01084757
0.01119232
0.00960350
0.00859499
0.00881529
0.01003861
0.00957942
0.00907159
0.00901842
0.00886202
0.01034546
0.00845838
0.00937748
0.01002169
0.00961185
0.00903082
0.00787091
0.01058316
0.00927114
0.00938940
0.00999069
0.00911355
0.00925636
0.01017284
0.01040268
0.01028275
0.00929928
0.00930929
0.00830150
0.00938153
0.00945592
0.00858831
0.00993323
0.00884414
0.00936699
0.01030111
0.00897574
0.00930834
0.01073289
0.01128602
0.01049852
0.01012444
0.00979638
0.00924015
0.00962090
0.01057720
0.00889015
0.01017094
0.00883842
0.00957870
0.00885367
0.01056600
0.00958180
0.00896978
0.00890565
0.00871396
0.00867677
0.00869370
0.00945687
0.00935626
0.00992250
0.00998569
0.00988722
0.01054502
0.00978446
0.01026726
0.00921440
0.00862861
0.00830507
0.01007700
0.00993609
0.00861025
0.00788164
0.00908518
0.00872946
0.01019979
0.00992441
0.00903130
0.00868917
0.00973606
0.00951052
0.00976014
0.00969577
0.01007104
0.00933576
0.01026106
0.01003408
0.00908351
0.01057386
0.01022935
0.01019788
0.00987172
0.01081562
0.01189280
