0.00314426
0.01030302
0.01146746
0.01002336
0.01102614
0.00986028
0.01006675
0.00962162
0.01146674
0.01014280
0.01016474
0.01093245
0.01390791
0.01002884
0.01110435
0.01044655
0.01034951
0.01094174
0.01025343
0.00945091
0.01179695
0.01098561
0.01102972
0.01092148
0.01052260
0.01004815
0.01141953
0.01106191
0.01046443
0.01106071
0.01032495
0.01033378
0.01013732
0.00797224
0.01007581
0.00828195
0.00995231
0.00815916
0.00962710
0.00797820
0.01027656
0.00820899
0.00893831
0.00910306
0.00937080
0.00983810
0.00872779
0.00811744
0.00795126
0.00874066
0.00819468
0.00904179
0.00804234
0.00852609
0.00947475
0.00910234
0.00893545
0.00916314
0.00904751
0.00829983
0.00846720
0.00904202
0.00969982
0.00907588
0.00873375
0.00831461
0.00958395
0.00827456
0.00812912
0.00838661
0.00834394
0.00861430
0.00903964
0.01002192
0.00811577
0.00889969
0.01004100
0.01039648
0.01020145
0.01043105
0.00988245
0.01047111
0.00990939
0.01067090
0.00969458
0.00996184
0.00983763
0.01087046
0.00997233
0.01148343
0.01084661
0.01039100
0.00996828
0.00996995
0.01025867
0.01022887
0.01020145
0.01054549
0.01018047
0.00998116
0.00901508
0.00988293
0.01036501
0.00939322
0.01017261
0.01009607
0.01062894
0.00954294
0.00991035
0.00881648
0.00959802
0.00848794
0.00993776
0.00874686
0.00972199
0.00883985
0.01049399
0.00885963
0.01012897
0.00955534
0.01048994
0.00935507
0.01040649
0.00951791
0.01074052
0.00889778
0.01057315
0.00852561
0.01081586
0.00913906
0.01050687
0.00926185
0.00961351
0.00928926
0.01065969
0.00861120
0.01104808
0.00854540
0.01083946
0.00939679
0.01036835
0.00842857
0.00988889
0.00825071
0.00967336
0.00821900
0.00959802
0.00834084
0.00996757
0.00832844
0.01043844
0.00983310
0.00995231
0.00798893
0.00954938
0.00848460
0.01028442
0.00824451
0.00999212
0.00785470
0.01035738
0.00917888
0.00987554
0.00935507
0.01027679
0.00842333
0.01015282
0.00803399
0.00842261
0.00911093
0.00922823
0.00948238
0.00936770
0.00962448
0.00926161
0.00895691
0.00867462
0.00826311
0.00889134
0.00883937
0.00919151
0.00796580
0.01033115
0.00835776
0.01027250
0.00834394
0.00884724
0.00981212
0.01033735
0.01043892
0.01024151
0.00980067
0.00985813
0.00891399
0.00990176
0.00856280
0.00894547
0.00850010
0.00881910
0.00836515
0.00908399
0.00841928
0.00834346
0.00817943
0.00875759
0.00831938
0.01162219
0.00770283
0.01017475
0.00970960
0.00824499
0.00799489
0.00825906
0.00839686
0.00825191
0.00783110
0.00891066
0.01070380
0.00865459
0.00876617
0.00856757
0.00786114
0.00841117
0.00810742
0.00818777
0.00800920
0.00884366
0.00854921
0.00843406
0.00832343
0.00879383
0.00790906
0.00906658
0.00786710
0.00869226
0.00813031
0.00852108
0.00794435
0.00853014
0.00817537
0.00869489
0.00801396
0.00850892
0.00790429
0.00765848
0.00796604
0.00894618
0.00805306
0.00846028
0.00792813
0.00878119
0.00812674
0.00872326
0.00806427
0.00867820
0.00782323
0.00860929
0.00812554
0.00852776
0.00792623
0.00845194
0.00773072
0.00852418
0.00823498
0.00873160
0.00806355
0.00898743
0.00781322
0.00837231
0.00798583
0.00854897
0.00798225
0.00853848
0.00759363
0.00859022
0.00830817
0.00847793
0.00783300
0.00903678
0.00784826
0.00876331
0.00785804
0.00862694
0.00798988
0.00875139
0.00785518
0.00887394
0.00876665
0.00866747
0.00800705
0.00868583
0.00807714
0.00886846
0.00815749
0.00839615
0.00776434
0.00846839
0.00786376
0.00909233
0.00833035
0.00857186
0.00771093
0.00862479
0.00796533
0.00818801
0.00801730
0.00831819
0.00765157
0.00879025
0.00783920
0.00878859
0.00831413
0.00945091
0.00817013
0.00817060
0.00813842
0.00841284
0.00883079
0.00840783
0.00814915
0.00810981
0.00820732
0.00851607
0.00840473
0.00881314
0.00801349
0.00842619
0.00804830
0.00829053
0.00797510
0.00842643
0.00838161
0.00807309
0.00806379
0.00850797
0.00842762
0.00838161
0.00833488
0.00823379
0.00805473
0.00851417
0.00822973
0.00820851
0.00825429
0.00816536
0.00822735
0.00840926
0.00781798
0.00858593
0.00829458
0.00848913
0.00815201
0.00835657
0.00793004
0.00846982
0.00825095
0.00819683
0.00816107
0.00965357
0.00770640
0.00876760
0.00780892
0.00852823
0.00792861
0.00861812
0.00796270
0.00844502
0.00783396
0.00846767
0.00838852
0.00891614
0.00850654
0.00871277
0.00784397
0.00853562
0.00835657
0.00833750
0.00817657
0.00824904
0.00812936
0.00845671
0.00836444
0.00917768
0.00845361
0.00845957
0.00812459
0.00910950
0.00763154
0.00864267
0.00820756
0.00850415
0.00818133
0.00882888
0.00857186
0.00901294
0.00798798
0.00825596
0.00828981
0.00837278
0.00770330
0.00853968
0.00802398
0.00834870
0.00806904
0.00866842
0.00814557
0.00928330
0.00815916
0.00854111
0.00782180
0.00859356
0.00790358
0.00887132
0.00805116
0.00870013
0.00797915
0.00884843
0.00935173
0.00788903
0.00831795
0.00774527
0.00789118
0.00791931
0.00875711
0.00779653
0.00872302
0.00793171
0.00854969
0.00814819
0.00891638
0.00821877
0.00865483
0.00829935
0.00839472
0.00865793
0.00843716
0.00798345
0.00855064
0.00795031
0.00849032
0.00875783
0.00927472
0.00818086
0.00910854
0.00821900
0.00876737
0.00786924
0.00880885
0.00814986
0.00849485
0.00802207
0.00887728
0.00839067
0.00853276
0.00825644
0.00841641
0.00811291
0.00833201
0.00783324
0.00878453
0.00825739
0.00848389
0.00814748
0.00914168
0.00846267
0.00807452
0.00910330
0.00867081
0.00805473
0.00887108
0.00799608
0.00850773
0.00806069
0.00841403
0.00790763
0.00919127
0.00996661
0.00867033
0.00809145
0.00884032
0.00773740
0.00840020
0.00789666
0.00855970
0.00807905
0.00892735
0.00799823
0.00917816
0.00847197
0.00854635
0.00804400
0.00863028
0.00796914
0.00845098
0.00828171
0.00817752
0.00772882
0.00894403
0.00827622
0.00884366
0.00891614
0.00881743
0.00800729
0.00859737
0.00795674
0.00855112
0.00797606
0.00845265
0.00772119
0.00869370
0.00820565
0.00900888
0.00809503
0.00861597
0.00811052
0.00839782
0.00822425
0.00848055
0.00805140
0.00882864
0.00798941
0.00847912
0.00830340
0.00845528
0.00816464
0.00864363
0.00797892
0.00837421
0.00779629
0.00856996
0.00803971
0.00875950
0.00790524
0.00839639
0.00851679
0.00846601
0.00821185
0.00847554
0.00796008
0.00842690
0.00782919
0.00850773
0.00793600
0.00875473
0.00796103
0.00858808
0.00844169
0.00865269
0.00797677
0.00891590
0.00807357
0.00823259
0.00803328
0.00868392
0.00783920
0.00860834
0.00780725
0.00863385
0.00834441
0.00866628
0.00795412
0.00839496
0.00806379
0.00820923
0.00815010
0.00856185
0.00782990
0.00890851
0.00785851
0.00914955
0.00830698
0.00873089
0.00798607
0.00842452
0.00790715
0.00859237
0.00801373
0.00845623
0.00773096
0.00851440
0.00808430
0.00904775
0.00842643
0.00882125
0.00783682
0.00847220
0.00815868
0.00828314
0.00792098
0.00892520
0.00760913
0.00863385
0.00800729
0.00860429
0.00841928
0.00862932
0.00795364
0.00878501
0.00813794
0.00818014
0.00800967
0.00861955
0.00783229
0.00872898
0.00827765
0.00868392
0.00827837
0.00891113
0.00799274
0.00837612
0.00794148
0.00815368
0.00801921
0.00873423
0.00768209
0.00845313
0.00805879
0.00884581
0.00825763
0.00869989
0.00782394
0.00867867
0.00798798
0.00832176
0.00816655
0.00931001
0.00811934
0.00837326
0.00871921
0.00927925
0.00822115
0.00845504
0.00830603
0.00813270
0.00814652
0.00881934
0.00778532
0.00868297
0.00824094
0.00812840
0.00810218
0.00942492
0.00845671
0.00816679
0.00810003
0.00856495
0.00808120
0.00888991
0.00862432
0.00825310
0.00816989
0.00840878
0.00793600
0.00911474
0.00831699
0.00836229
0.00814581
0.00872135
0.00842595
