0.00218439
0.00759840
0.00781250
0.00784707
0.00753736
0.00762486
0.00825429
0.00787258
0.00741696
0.00761294
0.00870657
0.00866270
0.00745487
0.00831652
0.00747466
0.00839615
0.00767398
0.00821590
0.00810337
0.00851774
0.00752425
0.00833416
0.00761938
0.00841260
0.00845075
0.00844502
0.00737906
0.00801492
0.00782204
0.00829124
0.00804472
0.00820804
0.00783491
0.00844455
0.00783801
0.00795102
0.00760221
0.00831628
0.00743318
0.00799060
0.00780988
0.00859022
0.00783920
0.00848794
0.00739455
0.00827098
0.00787902
0.00785661
0.00772429
0.00833774
0.00743484
0.00855684
0.00782585
0.00861669
0.00798726
0.00862765
0.00760007
0.00842047
0.00780272
0.00834942
0.00768924
0.00821805
0.00778890
0.00797033
0.00771403
0.00880957
0.00763392
0.00849509
0.00804114
0.00781035
0.00783515
0.00834155
0.00764632
0.00823212
0.00759125
0.00841618
0.00770020
0.00873327
0.00792575
0.00831199
0.00785494
0.00818753
0.00779986
0.00823569
0.00752616
0.00803018
0.00796008
0.00797439
0.00772786
0.00870824
0.00792742
0.00807524
0.00789165
0.00793934
0.00755334
0.00857186
0.00767660
0.00806403
0.00761986
0.00776601
0.00761819
0.00909996
0.00817227
0.00800610
0.00788021
0.00890398
0.00744772
0.00814295
0.00780225
0.00799894
0.00780106
0.00842071
0.00786448
0.00897264
0.00814366
0.00816202
0.00786352
0.00861669
0.00772810
0.00817800
0.00788736
0.00790358
0.00774479
0.00843310
0.00791621
0.00912905
0.00784039
0.00880194
0.00795174
0.00794649
0.00792718
0.00799870
0.00764847
0.00810623
0.00760770
0.00818920
0.00831318
0.00843024
0.00743508
0.00802422
0.00753832
0.00831437
0.00757241
0.00830555
0.00778985
0.00847507
0.00750041
0.00810432
0.00826693
0.00839949
0.00783753
0.00837326
0.00741553
0.00826430
0.00780797
0.00777650
0.00735331
0.00816107
0.00771618
0.00850511
0.00849748
0.00831652
0.00777888
0.00840950
0.00744987
0.00820422
0.00765634
0.00793529
0.00739884
0.00850844
0.00774121
0.00800562
0.00854397
0.00804639
0.00762653
0.00869632
0.00924850
0.00919557
0.00935626
0.00919986
0.00945568
0.00893331
0.00937152
0.01014471
0.00985432
0.00907707
0.01032281
0.00971985
0.01004291
0.01009655
0.00964856
0.00996900
0.00979400
0.01059771
0.01230693
0.01026583
0.01090860
0.01048350
0.00930095
0.01083446
0.01040602
0.01031470
0.00864172
0.00982666
0.01042938
0.00973272
0.01009464
0.00978971
0.00877357
0.00944924
0.00876641
0.00865006
0.00873351
0.00951481
0.00905848
0.00977540
0.00881648
0.00982690
0.00856638
0.00928569
0.00874782
0.00974631
0.00935626
0.00973153
0.00946927
0.01141334
0.00986886
0.01011348
0.00972033
0.00986481
0.00965309
0.00996566
0.00995398
0.01022410
0.00950336
0.01015782
0.01061416
0.01044655
0.00944829
0.01110411
0.01049376
0.00970149
0.00997877
0.00997543
0.00966644
0.00986052
0.01049471
0.01041722
0.00955367
0.01053929
0.01019120
0.00999904
0.01087403
0.01091838
0.00969720
0.00978327
0.00960302
0.00964546
0.00999451
0.00833869
0.00916505
0.00861716
0.00896382
0.00857806
0.00922084
0.00892615
0.01050019
0.00924969
0.00924611
0.00924730
0.00956511
0.00878191
0.00946712
0.00912547
0.00922012
0.00921011
0.00982833
0.01055503
0.00945878
0.00915790
0.00923467
0.00898957
0.00957680
0.00899625
0.00917292
0.00916243
0.00996995
0.01101756
0.01047111
0.00988483
0.00778961
0.00975275
0.00816822
0.00940704
0.00820470
0.00959539
0.00802612
0.00993967
0.00871563
0.00938296
0.00788641
0.00983834
0.00781035
0.00959682
0.00813150
0.00951290
0.00766897
0.00996113
0.00785685
0.01049447
0.00913787
0.00983977
0.00857353
0.00898099
0.00895739
0.00843048
0.00988364
0.00858164
0.00884318
0.00904155
0.01332188
0.00839877
0.00838137
0.00889659
0.00758815
0.00909352
0.00849056
0.00963163
0.00874972
0.00904322
0.00917006
0.00907016
0.00932503
0.00846219
0.00897837
0.00867772
0.00977135
0.00869632
0.00818396
0.00915647
0.00872350
0.00914907
0.00873446
0.00918484
0.00848389
0.00955510
0.00846171
0.00984406
0.00891614
0.00929427
0.00851989
0.01004720
0.00910044
0.01049304
0.01054811
0.00935245
0.01052713
0.01004195
0.00905132
0.00903702
0.00942469
0.01020908
0.01043510
0.01130295
0.00948977
0.00842357
0.00874734
0.00939059
0.01049542
0.00881147
0.01030016
0.00874591
0.01034307
0.00997353
0.01142311
0.00772953
0.00875592
0.00835109
0.00873661
0.00776935
0.00902367
0.00810432
0.00946665
0.00925732
0.00981045
0.01067591
0.01009774
0.00976014
0.01037312
0.00968122
0.01015711
0.00931597
0.01048326
