0.00454092
0.00956607
0.00972629
0.00911045
0.00866103
0.00885201
0.01027679
0.00885344
0.00908732
0.00958872
0.00891471
0.00917268
0.01012444
0.00984740
0.01108003
0.01162338
0.00851393
0.01074672
0.01020932
0.00990605
0.00946903
0.00909257
0.00944591
0.01031184
0.01090622
0.01048613
0.00863099
0.01186132
0.00908995
0.00956464
0.00916386
0.00936317
0.00998592
0.00909734
0.00938773
0.00986266
0.00926805
0.01183867
0.00877762
0.00951958
0.01004171
0.00942397
0.00879288
0.00910926
0.01102662
0.01045132
0.00959182
0.01001358
0.01470089
0.00925446
0.00853086
0.00950050
0.00925493
0.00939965
0.00991058
0.00875497
0.01109409
0.00894952
0.00824428
0.00979972
0.00971866
0.01040626
0.00879717
0.00898170
0.00910020
0.00929403
0.00962806
0.01012874
0.00943875
0.00990891
0.00999236
0.00945497
0.00841618
0.00978088
0.00994658
0.00961328
0.00982308
0.01022911
0.00890613
0.00892663
0.00816274
0.00940251
0.00937581
0.00963950
0.00967479
0.00975060
0.00887084
0.00953865
0.01060843
0.01019359
0.01013160
0.00973105
0.01054358
0.00939822
0.00988674
0.00867105
0.00832915
0.01104712
0.00935459
0.00836730
0.00979829
0.01353645
0.00954151
0.00834489
0.00922728
0.00933623
0.00984001
0.01019144
0.00905395
0.00906634
0.00856185
0.01035738
0.01145959
0.01105595
0.00944543
0.00863624
0.01019955
0.01105857
0.01078129
0.00778842
0.01084900
0.00916123
0.01057863
0.00970674
0.00969505
0.01082873
0.00970554
0.00997591
0.00884175
0.00802040
0.00973868
0.01009679
0.00907111
0.00976992
0.01074767
0.00936055
0.00899529
0.00980067
0.00943065
0.00985241
0.01095581
0.01010323
0.00978971
0.00934219
0.01020288
0.01089573
0.00991440
0.00931096
0.00859857
0.00919223
0.00951743
0.01280689
0.00906587
0.00977278
0.00943398
0.00870538
0.01010394
0.00894237
0.00944519
0.01046014
0.00974298
0.00954771
0.00955009
0.01017714
0.00900507
0.00989175
0.01019287
0.00967240
0.01027203
0.00960994
0.01013374
0.00925756
0.00940847
0.00994229
0.00944757
0.00937724
0.01093721
0.01095819
0.01096749
0.01017141
0.00979114
0.01077938
0.00923252
0.00912476
0.00998187
0.00887704
0.01003122
0.01062298
0.00969076
0.00867128
0.00981760
0.00812531
0.01011443
0.00999665
0.00928521
0.00956988
0.01022315
0.00952578
0.00898600
0.00942063
0.01116610
0.00991321
0.00960422
0.01057529
0.00978494
0.01119614
0.00962138
0.01124310
0.01038671
0.01525402
0.00966191
0.00909162
0.01246285
0.01015925
0.00892878
0.00983548
0.01023722
0.00911474
0.00975418
0.00947738
0.00936627
0.01043320
0.00923610
0.01008153
0.01037884
0.01027250
0.01042795
0.01050830
0.00885129
0.01035595
0.01044369
0.00945497
0.00827193
0.00895047
0.01037621
0.00979447
0.00908518
0.00936317
0.01008630
0.00883317
0.01014733
0.00940871
0.00988984
0.01111984
0.01219749
0.01051044
0.01011324
0.00979185
0.00936151
0.01082897
0.00981236
0.01063228
