0.00804710
0.01009679
0.00909257
0.00886512
0.00808406
0.00897956
0.01025534
0.00810242
0.00967574
0.01016927
0.00865269
0.01013422
0.01067901
0.01106286
0.00893998
0.00847626
0.00866914
0.00774407
0.00948024
0.00989890
0.00963259
0.00862122
0.00906968
0.00919461
0.01005721
0.00951672
0.00942326
0.00957227
0.00929070
0.00938177
0.00999713
0.00985479
0.00946617
0.00891733
0.00958681
0.00995898
0.00990939
0.01024866
0.00912404
0.00901628
0.00894308
0.00952148
0.01026177
0.01065421
0.00912380
0.01005411
0.00884771
0.00921035
0.00873446
0.01045179
0.00981855
0.01109743
0.01095462
0.00858641
0.00947165
0.01004004
0.00902820
0.00825214
0.00872493
0.00856590
0.01167083
0.01161885
0.01246810
0.00902200
0.01051807
0.00906444
0.01007032
0.01009202
0.01028895
0.00922823
0.00882554
0.00989413
0.01184130
0.00849462
0.00950623
0.01173949
0.01015186
0.00958776
0.00921631
0.00926089
0.01004434
0.01004910
0.01031232
0.01086402
0.01075006
0.00965953
0.00971985
0.00972939
0.00993371
0.01018214
0.00942421
0.01001883
0.00966024
0.00905299
0.01054120
0.00850058
0.00902033
0.00835109
0.00830531
0.00982356
0.01116157
0.00840235
0.00910306
0.00844884
0.00919557
0.00963283
0.01049972
0.00951600
0.00953817
0.00844026
0.01044273
0.01055455
0.01030278
0.01012254
0.01008916
0.00923443
0.00848484
0.00833178
0.00876188
0.01147103
0.01016998
0.00824904
0.01066875
0.00972295
0.01069307
0.01046348
0.00971484
0.00986671
0.01020455
0.00848460
0.01008630
0.01063347
0.00895762
0.01002097
0.01017714
0.00961542
0.00926471
0.00906491
0.00858927
0.00948906
0.00999498
0.00962996
0.00981641
0.01086545
0.01128745
0.01163197
0.01079702
0.01016355
0.00953102
0.00966096
0.00963259
0.00958896
0.00884771
0.00959611
0.00840521
0.00886607
0.00976324
0.00931621
0.00963140
0.01216793
0.01214290
0.00969172
0.00994945
0.00956655
0.00952029
0.00984287
0.01008201
0.00892615
0.00878692
0.00951910
0.00971746
0.00899196
0.00944972
0.01083636
0.01050711
0.00959706
0.01122570
0.01044226
0.01120210
0.01081800
0.01058912
0.01044202
0.01079321
0.01011872
0.00904751
0.00920081
0.00897145
0.00961995
0.01040196
0.00925875
0.01102853
0.01060033
0.01197076
0.00982666
0.00877500
0.00995874
0.00858498
0.00902343
0.00873566
0.00842118
0.00954652
0.00973725
0.00946355
0.01056075
0.00947762
0.01004243
0.00884700
0.00973320
0.00996685
0.01033497
0.00974250
0.01059175
0.00912547
0.00949192
0.00864220
0.00988102
0.00931859
0.00908256
0.00850582
0.00874710
0.00997257
0.01052213
0.00960588
0.00984097
0.00920463
0.00924015
0.01025915
0.00921702
0.00907087
0.00912499
0.01073337
0.00858903
0.00852656
0.00870395
0.00892520
0.00860643
0.00891590
0.00987744
0.00978494
0.00888658
0.00959921
0.00907326
0.00935292
0.01029205
0.01037288
0.01001096
0.00948501
0.00933146
0.00960994
0.00962567
0.01005888
0.01303911
0.00975728
0.00987101
0.01088357
0.00881624
0.00889611
0.00959778
0.01013398
0.01116800
0.00910592
0.00974584
0.00831914
0.00838828
0.01243281
0.00954342
0.00974178
0.00911951
0.00893617
0.00826263
0.01038408
0.01041007
0.01087284
0.00931311
0.00957775
0.00978565
0.00891900
0.00954175
0.00977540
0.01150751
0.01091075
0.00983763
0.00985265
0.00953484
0.00963426
0.01012850
0.00965619
0.00849128
0.00982094
0.00909185
0.00996280
