0.00278687
0.00941539
0.00979972
0.00837898
0.00941777
0.00853944
0.00915837
0.00857282
0.00924611
0.00817680
0.00907278
0.00866222
0.00925899
0.01205778
0.00871301
0.00817871
0.00921035
0.00774646
0.00926733
0.00776052
0.00871515
0.00795746
0.00879931
0.00828290
0.00910544
0.00840020
0.00903988
0.00780201
0.00930309
0.00791717
0.00884748
0.00883555
0.00894928
0.00866246
0.01073456
0.00961542
0.00986362
0.01009417
0.00956511
0.00915551
0.01030135
0.00931740
0.00946045
0.01035309
0.00950742
0.01012087
0.01106811
0.00949550
0.00939965
0.01023126
0.00983357
0.00961375
0.00998497
0.00959969
0.00945497
0.01045942
0.01094294
0.00948310
0.00947309
0.00950098
0.01048851
0.00975919
0.00949264
0.01011133
0.00974703
0.00997686
0.01125216
0.01064706
0.00945878
0.00821519
0.00764775
0.00849104
0.00861835
0.00799084
0.00802827
0.00827003
0.00883055
0.00789857
0.00815392
0.00775003
0.00797892
0.00906539
0.00811005
0.00825572
0.00884509
0.00796556
0.00851274
0.00889206
0.00819993
0.00867581
0.00848722
0.00858474
0.00844002
0.00839639
0.00939298
0.00884414
0.00954461
0.00874424
0.00960183
0.00896311
0.00972080
0.00838995
0.00878787
0.00880814
0.00994205
0.00848126
0.00906873
0.00876784
0.00903821
0.00847459
0.00920153
0.00980687
0.00955129
0.00939703
0.01126122
0.00981569
0.00949049
0.01086640
0.01044750
0.00939155
0.00876689
0.00875354
0.00999403
0.01071262
0.00841236
0.00916171
0.00856519
0.00942159
0.00880170
0.00886083
0.00853467
0.00931454
0.00863457
0.00924897
0.00899935
0.00981593
0.00861549
0.00909877
0.00861073
0.00903392
