0.00254893
0.00866032
0.00826669
0.00918603
0.00848651
0.00954986
0.00842071
0.00981092
0.00884199
0.00915551
0.00846195
0.00932050
0.00865126
0.00906014
0.00836587
0.00967693
0.00853992
0.00929570
0.00844193
0.00923443
0.00838184
0.00924563
0.00846267
0.00897408
0.00814724
0.00936532
0.00862932
0.00940657
0.00854707
0.00935602
0.00795269
0.00942898
0.00936055
0.00938702
0.00955105
0.01013875
0.01006246
0.00945926
0.00864244
0.00836706
0.00838399
0.00884390
0.00878620
0.00847101
0.00911975
0.00867343
0.00912595
0.00829172
0.00924587
0.00878286
0.00905800
0.00867724
0.00907040
0.00766468
0.00881076
0.00792003
0.00859690
0.00792074
0.00908709
0.00787234
0.00926924
0.00861430
0.01002598
0.00775409
0.00890088
0.00780463
0.00884223
0.00788307
0.00784612
0.00930214
0.00880218
0.00787902
0.00913835
0.00820470
0.00780797
0.00781679
0.00770855
0.00895262
0.00775385
0.00888538
0.00856066
0.00841928
0.00990939
0.00796318
0.00862694
0.01015735
0.00929499
0.00839448
0.00755024
0.00896406
0.00762987
0.00794554
0.01017714
0.00768924
0.00874496
0.00908422
0.00859499
0.00891232
0.00797153
0.00928760
0.00984764
0.01065135
0.01015544
0.00947046
0.01141596
0.01018262
0.01005054
0.00974703
0.01113462
0.01008201
0.00929856
0.00899839
0.00934792
0.00895882
0.00926614
0.00887942
0.00943995
0.00966263
0.00994086
0.00881767
