0.00265646
0.00963378
0.00848556
0.00890160
0.01129842
0.00984216
0.00853348
0.00935268
0.00944853
0.01002264
0.00894475
0.00966430
0.00919533
0.00933957
0.00872850
0.00930238
0.00933051
0.00920653
0.00884008
0.00963879
0.01023436
0.00943685
0.00923014
0.00868011
0.00909305
0.00977612
0.00977850
0.00881839
0.00985241
0.00876379
0.00927973
0.00894904
0.01074553
0.00974894
0.00963235
0.01004744
0.00958896
0.01040864
0.00827312
0.00895858
0.00826097
0.01006150
0.01020241
0.00944018
0.00983381
0.01208234
0.00955033
0.00915623
0.00781441
0.00836301
0.00891376
0.00819755
0.00957346
0.01105452
0.00932431
0.00880432
0.00789022
0.00858879
0.00807953
0.00815105
0.00990009
0.00809073
0.01019979
0.00820971
0.01323152
0.01004672
0.00940800
0.00969243
0.00959277
0.00958347
0.00919485
0.00943947
0.00951886
0.00993109
0.01007509
0.00966430
0.00900865
0.00998521
0.00997162
0.00934076
0.00949955
0.00949621
0.01000428
0.00974941
0.01015162
0.01004767
0.01006818
0.00956559
0.00966072
0.00945139
0.00858188
0.00887680
0.00960183
0.00862479
0.01017404
0.00892448
0.01004028
0.00956750
0.01053953
0.00816560
0.00964546
0.00868440
0.00931668
0.00876999
0.00875998
0.00910950
0.01057029
0.01174569
0.01004934
0.00863934
0.01039958
0.00856829
0.01013494
0.00847173
0.00914979
0.00914955
0.00967860
0.00924945
0.01090598
0.00988483
0.01029587
0.00939035
0.00921369
0.00955844
0.01038146
0.00763059
0.00753593
0.00883865
0.00947595
0.00937843
0.00887513
0.00865102
0.00912452
0.00995350
0.00994086
0.00907111
0.00951314
0.00887585
0.01001287
0.00859165
0.00990963
0.00929332
0.01050663
0.01053238
0.00935888
0.00976706
0.00897145
0.00992393
0.00885344
0.00990105
0.01153636
0.01065874
0.00823593
0.00958753
0.00779414
0.00919318
0.00777006
0.00942731
0.00807190
0.00997281
0.00999665
0.01174426
0.01011658
0.00903010
0.01022649
0.00942230
0.00970769
0.00918221
0.01019788
0.00934267
0.01038527
0.01067662
0.01055360
0.00926757
0.00931478
0.00838709
0.00940108
0.00876498
0.00978947
0.00847864
0.01016665
0.00932598
0.01129937
0.00952792
0.01043153
0.00932503
0.01056981
0.01001167
0.01045346
0.00932527
0.00932002
0.01021171
0.01166248
0.00975728
0.01042318
0.00987458
0.00955296
0.00986123
0.01050591
0.01059747
0.01041222
0.00960875
0.01256847
0.00987959
0.01046181
0.01050520
0.00956631
0.00965953
0.01032925
0.00962520
0.01061177
0.01057243
0.01077962
0.00960803
0.00971913
0.01029539
0.01057982
0.00813222
0.00909185
0.00941014
0.00951600
0.00894713
0.00818634
0.00968456
0.00945878
0.00913072
0.01054478
0.00871444
0.00996637
0.00872064
0.01106548
0.00969052
0.01024723
0.01081252
0.00836706
0.00921154
0.01098800
0.00977921
0.01119971
0.00974584
0.01017809
0.00849724
0.00943565
0.01147842
0.00999856
0.01027584
0.01059031
0.00983453
0.00965524
0.01025367
0.00951552
0.01172686
0.01090074
0.00948787
0.01074266
0.01009226
0.00889492
0.00763798
0.00877047
0.00806069
0.00785565
0.00825191
0.00940084
0.00852489
0.00964499
0.00831437
0.00955462
0.00805140
0.00907946
0.00837064
0.00935006
0.00816965
0.00960493
0.00824046
0.01029515
0.00923800
0.00986290
0.00841904
0.01054311
0.00840282
0.00853181
0.00947976
0.00884724
0.00877905
0.01034379
0.00890422
0.00977159
0.00855803
0.00849962
0.00912118
0.00966454
0.00851655
0.01111484
0.00964665
0.00940895
0.00850844
0.00993466
0.00840688
0.00970793
0.00863934
0.00956345
0.00863481
0.00945425
0.00875092
0.00963855
0.00845504
0.00922251
0.00885367
0.00999641
0.00948596
0.00965548
0.00964475
0.00960517
0.00964737
0.00984597
0.00927639
0.01005578
0.00958133
0.01007199
0.00912547
0.00894976
0.01096153
0.01083279
0.00969863
0.00941205
0.00981355
0.01112247
0.01093268
0.01079726
0.01015139
0.01051474
0.00939417
0.01053095
0.00970221
0.00940633
0.00807786
0.00983214
0.00847220
0.00884843
0.01174927
0.00981331
0.00819063
0.00836325
0.00851607
0.00901413
0.00760555
0.00762105
0.00869989
0.00857091
0.00989342
0.01148868
0.00850606
0.00990844
0.00871992
0.00966597
0.00861025
0.00986600
0.00869083
0.00940824
0.00849891
0.00963402
0.01200271
0.00989628
0.00891066
0.01068425
0.00948548
0.00941896
0.00862741
0.00923324
0.00852442
0.00958061
0.00903726
0.00936222
0.00866032
0.00968981
0.00864649
0.00927806
0.00922418
0.00971580
0.00941229
0.00938678
0.00976872
0.01149368
0.00998354
0.01028156
0.00855899
0.00774550
0.01026535
0.00768375
0.00877285
0.00803328
0.00949812
0.00782919
0.01023340
0.00856590
0.00984621
0.00794959
0.00889540
0.00873923
0.00986743
0.00870657
0.00967336
0.00885081
0.00876832
0.00894761
0.00887012
0.00865006
0.00851345
0.00872898
0.00944304
0.00847411
0.00969005
0.00846124
0.00928521
0.00956202
0.01079845
0.00935364
0.01074457
0.01017523
0.01030779
0.00985074
0.00914836
0.01186633
0.01064301
0.00918531
0.00934649
0.00960493
0.01159859
0.01036239
0.00911784
0.01062083
0.00986052
0.00971484
0.01049590
0.01200938
0.01043653
0.00961661
0.00983191
0.01023889
0.01007295
0.00946474
0.00835562
0.00846910
0.01060581
0.00842547
0.01109052
0.00988340
0.00916886
0.00840330
0.00939918
0.00870180
0.00944519
0.00851083
0.00925255
0.00858736
0.00950527
0.00847149
0.00986099
0.00883842
0.00930786
0.00848413
0.00939465
0.00854087
0.00936484
0.00876474
0.00936913
0.00851583
0.01064157
0.00990438
0.00964427
0.00957704
