0.00272465
0.01049924
0.01092625
0.01053739
0.01080322
0.00984406
0.01077366
0.01064491
0.00880980
0.00961781
0.00868964
0.00972033
0.00878859
0.00955296
0.00950933
0.00958776
0.00949812
0.00991130
0.00937581
0.00940728
0.00949836
0.00779223
0.00851870
0.01163912
0.01068926
0.00964332
0.01030660
0.00862718
0.01074910
0.00959849
0.00794625
0.00781393
0.00783539
0.00841141
0.00925708
0.00756145
0.00879216
0.00862432
0.00787139
0.00812197
0.00849771
0.01051903
0.00808740
0.00814128
0.00939727
0.00776887
0.00880790
0.00943255
0.00921202
0.00934386
0.00958562
0.00940371
0.00993919
0.00960469
0.00984263
0.00938463
0.00928473
0.00848269
0.00917172
0.00828385
0.00824308
0.00848055
0.00830364
0.00955606
0.01056933
0.00843906
0.00964665
0.00921822
0.00975895
0.00901866
0.00771570
0.00816727
0.00839233
0.00789499
0.00960064
0.00945830
0.00881481
0.00970793
0.00951743
0.00971198
0.00939941
0.00954700
0.00959063
0.00967145
0.00944877
0.01011944
0.00970411
0.00982141
0.00944543
0.00851965
0.00838661
0.00960064
0.00897360
0.01063681
0.00869846
0.00954247
0.00893950
0.01290822
0.00945210
0.00940514
0.00835466
0.01137018
0.00897169
0.00898528
0.00906420
0.01146507
0.00872445
0.01078844
0.01285028
0.00994134
0.00924826
0.01029038
0.00948262
0.01071310
0.00988221
0.01039028
0.00831079
0.00978184
0.00913191
0.00979924
0.00806832
0.00883913
0.01053524
0.01081514
0.00915146
0.01158357
0.01073813
0.01060295
0.00943375
0.01061034
0.00947356
0.01050329
0.00987792
0.01025987
0.00975561
0.01073694
0.01015425
0.01109242
0.01018810
0.01169610
0.01088405
0.01042485
0.00945473
0.01050234
0.00983262
0.01080489
0.00955725
0.01070285
0.01066709
0.01044941
0.00955391
0.01027536
0.00960612
0.01011848
0.00973344
0.01031828
0.00940299
0.01007962
0.00888062
0.01048493
0.00857377
0.00966334
0.00836778
0.00836277
0.00847292
0.00834155
0.00768065
0.00751925
0.01116157
0.00771332
0.01098228
0.00861907
0.01062393
0.00767112
0.00769067
0.00797915
0.00872540
0.00792599
0.00879216
0.00762939
0.00794959
0.00837207
0.00766540
0.00854087
0.00825667
0.00911045
0.00895238
0.00793862
0.00869799
0.00819135
0.00917125
0.00805736
0.00904655
0.00789142
0.00857520
0.00818729
0.00886965
0.00762820
0.00826621
0.00797915
0.00832915
0.00782084
0.00823689
0.00790453
0.00860810
0.00855517
0.00853014
0.00834322
0.00907159
0.00788617
0.00861621
0.00787735
0.00917673
0.00818515
0.00806284
0.00777650
0.00877380
0.00834727
0.00882411
0.00873876
0.00873017
0.00828028
0.00911188
0.00793552
0.00815630
0.00781536
0.00867176
0.00800180
0.00906444
0.00751996
0.00905657
0.00862551
0.00852656
0.00775623
0.00899267
0.00781989
0.00846386
0.00805449
0.00848794
0.00790477
0.00900960
0.00773787
0.00902915
0.00830221
0.00883770
0.00805020
0.00882483
0.00800467
0.00887775
0.00783825
0.00870299
0.00768828
0.00855589
0.00780916
0.00863886
0.00866270
0.00838327
0.00784421
0.00896740
0.00762630
0.00867152
0.00814724
0.00832534
0.00799990
0.00876641
0.00765705
0.00884008
0.00813961
0.00816774
0.00796318
0.00887465
0.00783300
0.00858164
0.00774312
0.00866890
0.00786638
0.00879669
0.00751162
0.00931740
0.00855923
0.00853038
0.00793600
0.00852227
0.00792003
0.00885248
0.00777340
0.00862384
0.00777054
0.00854897
0.00794959
0.00916648
0.00828266
0.00877953
0.00820374
0.00868917
0.00783014
0.00868869
0.00797653
0.00833821
0.00800347
0.00814176
0.00777960
0.00893140
0.00819421
0.00896311
0.00815129
0.00849557
0.00779271
0.00827360
0.00856161
0.00853705
0.00821686
0.00843644
0.00788093
0.00885391
0.00808978
0.00876236
0.00806713
0.00816298
0.00798917
0.00870848
0.00778127
0.00870180
0.00809860
0.00840545
0.00770450
0.00873280
0.00838065
0.00869775
0.00834084
0.00829530
0.00809956
0.00858808
0.00758576
0.00866389
0.00771546
0.00873303
0.00789952
0.00888920
0.00791669
0.00884604
0.00788474
0.00840044
0.00796390
0.00826383
0.00775599
0.00848174
0.00774026
0.00876260
0.00769353
0.00835013
0.00826550
0.00930619
0.00791049
0.00870514
0.00814939
0.00815296
0.00799108
0.00898457
0.00762892
0.00823259
0.00782466
0.00880003
0.00815320
0.00922179
0.00766182
0.00855803
0.00795817
0.00875783
0.00824142
0.00878072
0.00784469
0.00842905
0.00803232
0.00838375
0.00795746
0.00962543
0.00778794
0.00850344
0.00791502
0.00855970
0.00766587
0.00963378
0.00777388
0.00854135
0.00752282
0.00845480
0.00795698
0.00891542
0.00813937
0.00855613
0.00796890
0.00849152
0.00759244
0.00850248
0.00775766
0.00867248
0.00781846
0.00838470
0.00809836
0.00885272
0.00918055
0.00892377
0.00792813
0.00856829
0.00801444
0.00859427
0.00769806
0.00879121
0.00777936
0.00866389
0.00873542
0.00893831
0.00787449
0.00861120
0.00769877
0.00856018
0.00786066
0.00861764
0.00749493
0.00856328
0.00775790
0.00857973
0.00831652
0.00856566
0.00911641
0.00767636
0.00768471
0.00760889
0.00799441
0.00872469
0.00774598
0.00847363
0.00761032
0.00836396
0.00789690
0.00906825
0.00999117
0.00881958
0.00764966
0.00866532
0.00772190
0.00835443
0.00773335
0.00849962
0.00768185
0.00849152
0.00793314
0.00888014
0.00786471
0.00843859
0.00759578
0.00870109
0.00802994
0.00862980
0.00780177
0.00846338
0.00753617
0.00879717
0.00784326
0.00877500
0.00940967
0.00845313
0.00767016
0.00895429
0.00795841
0.00809956
0.00779295
0.00848675
0.00761318
0.00861382
0.00776148
0.00908422
0.00972414
0.00871086
0.00777888
0.00871682
0.00760221
0.00858998
0.00807023
0.00847983
0.00768304
0.00846577
0.00764966
0.00903058
0.00813174
0.00844955
0.00782990
0.00885224
0.00750613
0.00855494
0.00771308
0.00854182
0.00796747
0.00836396
0.00769305
0.00926995
0.01152039
0.00816464
0.00776696
0.00918460
0.00778246
0.00849724
0.00889659
0.00859070
0.00773787
0.00882912
0.00758862
0.00913644
0.01053548
0.00867414
0.00770807
0.00879741
0.00778127
0.00860548
0.00779271
0.00832963
0.00765491
0.00875998
0.00762272
0.00934815
0.00958896
0.00887656
0.00751615
0.00757575
0.00889993
0.00885963
0.00756192
0.00844479
0.00766420
0.00912929
0.00755215
0.00936151
0.01105118
0.00883746
0.00786638
0.00852680
