0.00647330
0.00993514
0.00947309
0.01069784
0.00941229
0.00816274
0.00875640
0.00792980
0.00894833
0.00994110
0.00894713
0.00868893
0.00914788
0.00947714
0.00824380
0.00828600
0.01014566
0.00989556
0.00949287
0.00878334
0.00911880
0.00898170
0.00820971
0.00927448
0.00991845
0.00989652
0.00934815
0.00913954
0.00911784
0.00890946
0.00986481
0.00906968
0.00973320
0.01012373
0.00871539
0.00869942
0.00829434
0.00817561
0.00891972
0.00978422
0.00989294
0.00986648
0.00967526
0.01002932
0.00885773
0.00884819
0.00916958
0.00836468
0.00919127
0.00812769
0.00863576
0.00860190
0.00877213
0.00816822
0.00914764
0.00835609
0.00875497
0.00886536
0.00911713
0.00786281
0.00892758
0.00835419
0.00897884
0.00881267
0.00894642
0.00847435
0.00845885
0.00898623
0.01077342
0.00892711
0.00792694
0.00853133
0.00882530
0.00878596
0.00864124
0.00957084
0.00856113
0.00901222
0.00969219
0.00943375
0.01076365
0.01016712
0.00860596
0.00784755
0.00865221
0.00855160
0.00785565
0.00781560
0.00783873
0.00894094
0.00801778
0.00894523
0.00791907
0.00878239
0.00865126
0.00908589
0.01025081
0.00877142
0.00836849
0.00816321
0.00825882
0.00956392
0.00956702
0.00857162
0.01056743
0.00985527
0.00941920
0.00999379
0.01053882
0.00933027
0.00917482
0.01013660
0.00836205
0.00992179
0.00832677
0.00935626
0.00893235
0.00898814
0.00889230
0.01025057
0.00871158
0.00807762
0.01032734
0.00892520
0.00848246
0.00846052
0.00882888
0.00939798
0.00874829
0.00883269
0.01024294
0.00895023
0.00978661
0.00887537
0.00832820
0.00821018
0.00803137
0.00965405
0.00899148
0.01016259
0.01008010
0.00987554
0.00941634
0.01037741
0.00990415
0.01022840
0.01028204
0.01176405
0.01206017
0.01174951
0.01182628
0.01149487
0.00810504
0.01054072
0.00885463
0.00916195
0.00930858
0.01229739
0.01121306
0.00952530
0.00945616
0.00999975
0.00973630
0.00949073
0.00890064
0.01054645
0.00917983
0.00948739
0.00992322
0.01032639
0.01114774
0.01170444
0.01125288
0.01008153
0.00887418
0.01069903
0.00956297
0.01047134
0.00938845
0.00835562
0.01063180
0.00978756
0.00898194
0.00964522
0.00855088
0.01049805
0.01095247
0.01040483
0.00950861
0.01017022
0.00869894
0.00997376
0.00907707
0.00978994
0.01025820
0.01140404
0.01051736
0.01146126
0.00998855
0.00907874
0.00952697
0.01061916
0.00963211
0.00971651
0.00997972
0.00944018
0.00900555
0.00905800
0.01065826
0.00905848
0.00974417
0.00969338
0.01034236
0.01025796
0.01078176
0.01094103
0.01063085
0.01012301
0.01014876
0.01015830
0.00979733
0.01039076
0.01087117
0.01121473
0.01066709
0.00958228
0.00905466
0.00953984
0.01050472
0.01082277
0.01128626
0.00977349
0.01122832
0.00895905
0.00928259
0.01049018
0.01014900
0.01113319
0.01046562
0.00997257
0.00971365
0.01067734
0.01046968
0.00984907
0.01040363
0.00968385
0.00910282
0.00963545
0.01035309
0.01023483
0.01090646
0.01054049
