0.00589418
0.00874019
0.01272345
0.01120019
0.01112199
0.01089048
0.01030469
0.00987101
0.00865245
0.01106286
0.00991249
0.00847983
0.00926876
0.00945473
0.00986433
0.00920582
0.00996685
0.00971937
0.00881910
0.01032543
0.00923634
0.00944161
0.00899434
0.00992227
0.00883770
0.01014471
0.00906587
0.00986290
0.01088762
0.01092410
0.01209259
0.00894976
0.01216078
0.01096368
0.01118231
0.01025271
0.01000738
0.01139188
0.01024914
0.01017904
0.00824642
0.01082110
0.01092243
0.01042867
0.01083589
0.01011014
0.01059055
0.01022649
0.00958967
0.00948572
0.01088572
0.00997472
0.01055479
0.00988936
0.00987935
0.00977063
0.00922346
0.01170635
0.00868821
0.00984263
0.00934649
0.00960660
0.00817943
0.01156640
0.01294065
0.01078677
0.01103973
0.00881314
0.00965357
0.00999498
0.01033711
