0.00286579
0.00959682
0.01017284
0.00848579
0.00876093
0.00950170
0.00847006
0.00884533
0.00998449
0.00919819
0.00888801
0.00917387
0.00898957
0.00964689
0.00940943
0.00964618
0.00761914
0.00943971
0.00778913
0.00970340
0.00879693
0.00802422
0.00832272
0.00841331
0.00834537
0.00778365
0.00759959
0.00817084
0.00791574
0.00833678
0.00828600
0.00766277
0.00922132
0.01386476
0.00841236
0.00781345
0.00988722
0.00793529
0.00777078
0.00832677
0.00896454
0.00800109
0.00775099
0.00940585
0.00974035
0.00912189
0.00865793
0.00872660
0.00768948
0.00775099
0.00824428
0.00843096
0.00803161
0.01019359
0.00764108
0.00783539
0.00845170
0.00900388
0.00820947
0.00926399
0.00898051
0.00763535
0.00871921
0.00763297
0.00863028
0.00958943
0.00812244
0.01066375
0.01227856
0.01035118
0.00971699
0.00911903
0.00904799
0.01175833
0.01049137
0.00864673
0.00954294
0.00974727
0.00917864
0.00907159
0.00800967
0.01027966
0.00798941
0.00793839
0.00871348
0.00753880
0.01016593
0.00885224
0.00801206
0.00802612
0.00993228
0.00806642
0.00895309
0.00898266
0.00861049
0.00768495
0.00873089
0.00784492
0.00945878
0.00798559
0.00859833
0.00827622
0.00849390
0.00853443
0.00858474
0.01013970
0.00846195
0.00781798
0.00757909
0.00805426
0.00776815
0.00833583
0.00975966
0.00967288
0.00943661
0.00885439
0.00790715
0.01036310
0.01033616
0.01057148
0.01025438
0.01014757
0.01039147
0.00852275
0.00792670
0.00929284
0.00800729
0.00813532
0.00826907
0.00799823
0.00876951
0.00773358
0.00815105
0.00801396
0.00763774
0.00814939
0.00819874
0.01020026
0.00847578
0.00871038
0.00878286
0.00815463
0.00819755
0.00813293
0.00897694
0.00790477
0.00869679
0.00816011
0.00953126
0.00909710
0.00893879
0.00845695
0.00841975
0.00977349
0.01052308
0.00999093
0.01165676
0.01041317
0.01012850
0.01063108
0.01002264
0.01029563
0.01048398
0.01062989
0.00972104
0.01147366
0.01041150
0.01026106
0.00981164
0.01078463
0.01194358
0.01183581
0.00951266
0.01136088
0.01024485
0.01053596
0.01065731
0.01019955
0.00971437
0.01192856
0.01236248
0.01034355
0.01088166
0.01047826
0.00935936
0.01058960
0.00945377
0.01039743
0.00950146
0.01066065
0.01172066
0.00876713
0.00945997
0.01167035
0.01064038
0.00961781
0.00777125
0.00830770
0.00992322
0.01172853
0.01072907
0.00990891
0.01027870
0.00956249
0.01109433
0.01000166
0.01078224
0.01052833
0.01050210
0.00970769
0.01192474
0.01062131
0.01069736
0.00821614
0.00794101
0.00819278
0.00886273
0.00885510
0.00856137
0.00859642
0.01073813
0.00836945
0.00976539
0.00851631
0.00808430
0.00915337
0.00814700
0.01087070
0.00798321
0.00795817
0.00874996
0.00782943
0.01169109
0.01104975
0.01034045
0.01018071
0.01035070
0.01014328
0.00976658
0.00989771
0.01070333
0.01026964
0.00938392
0.01250815
0.01006150
0.00928473
0.01059055
0.01051593
0.00929523
0.00925899
0.01041794
0.01161551
0.01029325
0.01028657
0.01061511
0.01170874
0.00785995
0.01052999
0.00776935
0.00798249
0.00893593
0.00840974
0.00763750
0.00835514
0.01137567
0.01016736
0.00884295
0.00780177
0.00799036
0.00793672
0.00854516
0.00792956
0.00896072
0.00884748
0.00745416
0.00999928
0.01045370
0.00784278
0.00905919
0.00801492
0.00812578
0.00839806
0.00891662
0.00916433
0.00807762
0.00757575
0.00792861
0.00769997
0.00816226
0.01149178
0.00966477
0.01040268
0.00932765
0.01163030
0.01063871
0.00963473
0.01037216
0.01047373
0.01101613
0.00995326
0.00973511
0.01029921
0.01026654
0.01093602
0.00909472
0.01073718
0.00800300
0.00787115
0.00804734
0.00925112
0.01030970
0.00778913
0.00944972
0.00979710
0.01047277
0.00964212
0.01134753
0.01021743
0.01024985
0.01104689
0.01126099
0.00982428
0.01068878
0.00976539
0.01038885
0.00881243
0.01126122
0.00799966
0.00887728
0.00813532
0.00991488
0.00890541
0.00921059
0.00811648
0.00919414
0.00913572
0.00886011
0.00896072
0.00889397
0.00875401
0.00792575
0.01047182
0.00819397
0.01036525
0.00858855
0.00815988
0.00835276
0.00827265
0.00893283
0.00865960
0.01021361
0.01079273
0.00897527
0.01142502
0.01099563
0.01028872
0.01073956
0.00903058
0.01053715
0.00921750
0.01083779
0.01104927
0.00933242
0.01158118
0.01085639
0.01095796
0.00790286
0.00841236
0.00987506
0.00848246
0.00798702
0.00797391
0.00768876
0.00926447
0.00773478
0.00816154
0.00857639
0.01161146
0.00786614
0.00911522
0.00773191
0.00813055
0.00775123
0.00831580
0.00798893
0.01101780
0.01040721
0.01085520
0.01292419
0.01071191
0.01020336
0.01058292
0.01038456
0.01049447
0.01076818
0.01001930
0.00982642
0.00843263
0.01101613
0.01094604
0.01030374
0.01049733
0.01072431
0.01049399
0.01061320
0.01003671
0.00772333
0.00967789
0.01445651
0.00829792
0.00970364
0.01077962
0.00995851
0.01020956
0.01021385
0.01052761
0.01064491
0.01068234
0.01401401
0.01064968
0.00953078
0.01020455
0.00949430
0.00800586
0.00855327
0.00896406
0.00781608
0.00803113
0.00842428
0.00851345
0.00779581
0.00831842
0.00790954
0.00795555
0.00945878
0.00774503
0.00974965
0.00986862
0.00848627
0.01046944
0.00819731
0.00933886
0.01037192
0.00896168
0.01107478
0.01060462
0.01035666
0.01045537
0.01020670
0.00981402
0.00947618
0.01482987
0.00951457
0.00891876
0.00824094
0.00937748
0.00755119
0.00780869
0.00835228
0.00882554
0.00807261
0.01047683
0.00928807
0.00959373
0.00851440
0.00995255
0.00839806
0.00952482
0.00886893
0.00949550
0.00831318
0.00965214
0.00861263
0.00986814
0.00867867
0.00984001
0.00841999
0.00947189
0.00875640
0.01010513
0.00912547
0.01104593
0.00941157
0.01096010
0.00933266
0.00899863
0.00852728
0.00903010
0.00849271
0.00779009
0.00817561
0.00895596
0.00801277
0.00960040
0.01043773
0.00837731
0.01215100
0.00814867
0.00767827
0.00836539
0.00939012
0.00970316
0.00917602
0.01038337
0.00952077
0.00975823
0.00832129
0.01008558
0.00805449
0.00962257
0.00819969
0.00881934
0.00968742
0.00850368
0.00980973
0.00845361
0.00865316
0.00925469
0.00987697
0.00887656
0.00812078
0.00793052
0.00809050
0.00803399
0.00874424
0.00906324
0.01029181
0.00898504
0.00844336
0.00921702
0.01049948
0.00813222
0.00891256
0.00944304
0.00883198
0.00896883
0.00903654
0.00952792
0.00876021
0.00814939
0.01084447
0.01163459
0.01103759
0.00961781
0.01065159
0.00972724
0.01073384
0.00977302
0.01051188
0.00983548
0.01030326
0.00938964
0.01002645
0.00836945
0.00885320
0.00928545
0.00896835
0.00914907
0.00843763
0.00777626
0.00797129
0.01100016
0.00966072
0.00894642
0.00936556
0.00804234
0.00805259
0.00786972
0.00860167
0.00875282
0.00876260
0.01153207
0.01067591
0.01038361
0.00988412
0.00973296
0.01068497
0.01061606
0.00943494
0.01023769
0.00985217
0.01047540
0.01040149
0.01115322
0.01097345
0.01054859
0.00989842
0.01179147
0.01054215
0.01028395
0.00966549
0.01079702
0.01061368
0.01117182
0.01067615
0.01047516
0.00975490
0.01180553
0.01069927
0.01043010
0.01080751
0.01030135
0.01009083
0.01184678
0.00830126
0.00979280
0.00821280
0.00801778
0.00908780
0.00777769
0.00804400
0.00883532
0.00813055
0.00825000
0.00781417
0.01116824
0.00867128
0.00913334
0.00956106
0.00926924
0.00893974
0.00817871
0.00786448
0.00986433
0.01073861
0.00977063
0.01012635
0.00906730
0.00787187
0.00817943
0.00790739
0.00905347
0.00923204
0.00790954
0.00797415
0.00866127
0.00921965
0.00888157
0.01214504
0.00821376
0.00894642
0.00849724
0.00871754
0.00832081
0.00827193
0.00823808
0.01252627
0.01133037
0.00986218
0.01081657
0.00996280
0.01018739
0.00934768
0.01126146
0.00975919
0.01113772
0.00937176
0.01054502
0.00987530
0.01194882
0.01079702
0.01073122
0.00944114
0.01082468
0.01071477
0.01078844
0.00977921
0.01085210
0.00834727
0.01071811
0.00883651
0.00848246
0.00914955
0.00970554
0.00810957
0.00973821
0.00796986
0.00991440
0.00832748
0.01022267
0.01039195
0.01221657
0.01046658
0.00925446
0.01096916
0.01081204
0.01087904
0.01215863
0.01026750
0.01011300
0.01080275
0.00901461
0.00786877
0.00924587
0.00803208
0.00766087
0.00802565
0.00775981
0.00865054
0.00815630
0.00985003
0.01069379
0.01010585
0.01068616
0.00810528
0.00886679
0.00821042
0.00846529
0.00796103
0.00868273
0.00828385
0.00923729
0.00802445
0.01224422
0.01546597
0.00797915
0.00887299
0.00954199
0.00793004
0.00785613
0.00787282
0.00827956
0.00906706
0.00799656
0.00941229
0.00970340
0.00897169
0.00826979
0.00802016
0.00968313
0.00780964
0.00996447
0.00844955
0.01188111
0.00950146
0.01071215
0.01167178
0.00950503
0.01016212
0.00964642
0.01065159
0.01105499
0.01075006
0.00805116
0.00834870
0.00905299
0.00803494
0.00918674
0.00965714
0.00806761
0.00912595
0.00913620
0.00829339
0.00803447
0.00894976
0.00918531
0.00934887
0.00884271
0.01223755
0.00883985
0.00982189
0.00981712
0.00933886
0.00929546
0.00959110
0.00939775
0.00959253
0.00938296
0.00963998
0.01024675
0.00938439
0.00931430
0.00981140
0.00954795
0.00953889
0.00884962
0.00973749
0.00903940
0.00963974
0.00910115
0.01008892
0.00880885
0.00951862
0.01000190
0.01035142
0.00872612
0.00948191
0.00856805
0.01081848
0.00852633
0.00914264
0.01044154
0.00977159
0.00855064
0.00797081
0.00877619
0.00910521
0.00825477
0.00823617
0.00904012
0.00781846
0.00906372
0.01080370
0.00979543
0.01147699
0.01067114
0.00969362
0.00872064
0.00783682
0.00939846
0.00805116
0.00811410
0.00815821
0.00919843
0.00890183
0.00986171
0.01101947
0.00954890
0.01102757
0.00992060
0.00824666
0.00985575
0.00892067
0.01078129
0.01061344
0.01520395
0.00997591
0.01055694
0.00919795
0.01043892
0.00937009
0.01138353
0.00818801
0.00779009
0.00837851
0.00915551
0.00954938
0.00803399
0.01020336
0.00851798
0.00984693
0.01122093
0.00998044
0.01006460
0.00797248
0.00898409
0.00923085
0.00884485
0.00987029
0.00862312
0.00851417
0.01057482
0.00874710
0.00862050
0.00891757
0.01113892
0.00894666
0.00934672
0.01008391
0.00980306
0.00882483
0.00955820
0.00887871
0.00886464
0.00963879
0.00965214
0.00933003
0.01011896
0.00981998
0.00941730
0.00981021
0.00953674
0.00960779
0.00971079
0.00931931
0.00971913
0.00928092
0.00930333
0.00972414
0.00992060
0.00991225
0.00940299
0.00973201
0.01022959
0.00975299
0.00942445
0.00796604
0.00904894
0.00893044
0.00930452
0.00879669
0.00989246
0.00913024
0.00856042
0.00991750
0.00820518
0.00963116
0.00866318
0.00810838
0.00787950
0.00890732
0.00812960
0.01065516
0.01063418
0.00974298
0.01029205
0.00959134
0.01173472
0.01085043
0.01097107
0.00979018
0.01044679
0.01080847
0.01050830
0.00996447
0.00986862
0.00791073
0.00905919
0.00825715
0.00923252
0.00901461
0.00947905
0.00791574
0.00987601
0.01011705
0.00829220
0.00857687
0.00942206
0.00803089
0.00934434
0.00836301
0.01048422
0.00964975
0.01044488
0.01008892
0.01295447
0.01034093
0.01060057
0.01048136
0.01081848
0.00928879
0.00931597
0.00786376
0.00926805
0.00864029
0.00863504
0.00926948
0.00928068
0.00860286
0.00951481
0.00866461
0.00829172
0.00829363
0.01130939
0.00802898
0.01004195
0.01035690
0.01282382
0.01080275
0.00997186
0.01074362
0.00955534
0.01021647
0.01013541
0.01206303
0.01073670
0.01078010
0.01273847
0.01093864
0.00959492
0.01073551
0.01099753
0.01090074
0.01003003
0.01041102
0.00909877
0.01057816
0.00929999
0.00900388
0.00861883
0.00822043
0.00919461
0.00964642
0.00883698
0.00933218
0.00890517
0.01015401
0.00858665
0.01028919
0.01162410
0.00989676
0.00808334
0.00999856
0.00836205
0.00805593
0.01151943
0.01005793
0.00815535
0.01022887
0.01039219
0.00963068
0.01031518
0.01092792
0.01046205
0.00974321
0.01192546
0.01036429
0.00950742
0.01217771
0.01076460
0.00968838
0.01068354
0.01138830
0.01021576
0.00993252
0.00812864
0.01015186
0.00847006
0.00942016
0.01034856
0.01393080
0.01087403
0.01057887
0.01116776
0.01112461
0.00983906
0.01159239
0.01054573
0.01087475
0.01138115
0.01004577
0.01190305
0.01105714
0.00983071
0.00950837
0.00815320
0.00991058
0.00794077
0.00979328
0.01018977
0.01294971
0.00831175
0.00979400
0.00849104
0.01016116
0.00835729
0.01020908
0.00796103
0.01010442
0.00806332
0.01035476
0.00976491
0.00872922
0.00972366
0.01008773
0.00808191
0.00803924
0.00866818
0.00906491
0.00876713
0.01021576
0.00844002
0.01091099
0.00876427
0.00914383
0.00985456
0.00878072
0.00918841
0.00855589
0.00825667
0.00961423
0.00958204
0.00971532
0.01039910
0.00926733
0.00895691
0.00997972
0.00986552
0.00919318
0.00995445
0.00931311
0.00999761
0.00910640
0.01001501
0.00992775
0.00970554
0.00922847
0.00919962
0.00803089
0.00987363
0.00861835
0.00888276
0.00814652
0.00824594
0.00791311
0.00852418
0.01048160
0.01121378
0.01047921
0.00962138
0.00930476
0.00962925
0.01028204
0.00872993
0.01022887
0.01084423
0.01095295
0.01286936
0.00982189
0.01031256
0.00806689
0.00840783
0.00995898
0.00891256
0.00933766
0.00823069
0.00977993
0.00996184
0.00950885
0.00959659
0.00946307
0.01035953
0.01027989
0.00942969
0.00984406
0.00950289
0.00962329
0.00964928
0.01090503
0.00997376
0.00968742
0.00825906
0.00784397
0.00773096
0.00915408
0.00896931
0.00859642
0.00822830
0.01086354
0.00951862
0.00919700
0.00846267
0.00996757
0.00840712
0.00957084
0.00799394
0.00888109
0.00869179
0.00934577
0.00909495
0.00836277
0.00798106
0.00960732
0.00917959
0.00813055
0.00761580
0.00904274
0.01006651
0.00879765
0.00799036
0.00977874
0.00879478
0.00939465
0.00893927
0.00919986
0.00991178
0.00877023
0.00897837
0.00886559
0.00906348
0.00865698
0.00945878
0.00796747
0.01042724
0.01201248
0.00980997
0.00802755
0.00892019
0.00921869
0.00987029
0.00796008
0.00880337
0.00937533
0.00993061
0.00821066
0.00919724
0.01096845
0.00839710
0.00902557
0.00832438
0.00905585
0.00840282
0.00922179
0.01060557
0.00950384
0.00936580
0.00992298
0.01193595
0.01117826
0.00934172
0.00913405
0.00945950
0.01058912
0.01088881
0.00988507
0.00990415
0.01000285
0.01210523
0.01042104
0.00856185
0.00964999
0.00978875
0.01115346
0.01028299
0.01022696
0.01108551
0.01078320
0.01017284
0.01165605
0.01043630
0.01055980
0.01103783
0.01053953
0.00906682
0.01062250
0.00957704
0.01052141
0.01125813
0.01111293
0.01052809
0.01039648
0.00999308
0.01061606
0.01098466
0.01015711
0.00776935
0.01044488
0.00848055
0.01189184
0.00824237
0.00930738
0.00954819
0.00988984
0.00806141
0.00841427
0.00887227
0.00896764
0.00900650
0.01081252
0.01007247
0.01178217
0.01058221
0.00792074
0.00884318
0.00829720
0.00857759
0.00883842
0.00980902
0.00791121
0.00928497
0.00926709
0.00951862
0.00830364
0.00905800
0.00807548
0.00809836
0.00840449
0.00830865
0.00886869
0.00870633
0.00830984
0.01045990
0.00981140
0.00822902
0.00803018
0.00885963
0.00801873
0.00918150
0.00796127
0.00797629
0.00815940
0.00779486
0.00985432
0.00906563
0.00891376
0.00936341
0.00836396
0.00791311
0.00924802
0.00784445
0.00767565
0.00768304
0.00923800
0.00849557
0.00855899
0.00955915
0.00843477
0.00854611
0.00762177
0.00833035
0.00791359
0.00779939
0.00947475
0.01025939
0.00867152
0.00751758
0.00918174
0.00947428
0.00920415
0.00861216
0.00788116
0.00995779
0.00804782
0.00756097
0.00844622
0.00862646
0.00824285
0.00900507
0.00800276
0.00981379
0.01069784
0.00972438
0.00952721
0.01015902
0.00941253
0.01049042
0.00926065
0.01166606
0.01056433
0.01090002
0.00861049
0.00915790
0.00871015
0.00938725
0.00777125
0.01050043
0.01067924
0.00893712
0.01074982
0.00805283
0.01100731
0.00860238
0.00938845
0.00804806
0.00881195
0.00830674
0.01014137
0.00826836
0.00821519
0.00894594
