0.00343180
0.00970149
0.00900149
0.00904369
0.01086354
0.00911641
0.00905752
0.01069403
0.00904036
0.00896120
0.00948977
0.00863099
0.00902343
0.01006341
0.00946808
0.01137972
0.00804305
0.00796127
0.00951600
0.00965905
0.00899744
0.00921798
0.01080155
0.00976729
0.01015043
0.00918674
0.00886321
0.00894547
0.00980353
0.00888729
0.00847173
0.00927138
0.00939393
0.00882959
0.00978589
0.00957870
0.01055646
0.01001287
0.00837636
0.01223540
0.00960588
0.00963378
0.00913048
0.01132512
0.00865078
0.00987363
0.00883031
0.00936437
0.00966239
0.00908041
0.00956082
0.01059794
0.01049256
0.00939441
0.00900006
0.00909996
0.00837827
0.00958133
0.00878191
0.00923157
0.00786710
0.01038337
0.00853348
0.01007628
0.01490569
0.00875211
0.01081944
0.00906086
0.00812483
0.00980210
0.00853276
0.00842071
0.01004004
0.01227188
0.00994277
0.00971389
0.00997567
0.00965190
0.01090145
0.00881433
0.00885153
0.01034212
0.00897050
0.00940132
0.00921202
0.00841856
0.01070499
0.00947571
0.00904012
0.01069832
0.00885248
0.00821471
0.00807905
0.00908375
0.00892711
0.01081061
0.00895000
0.00800133
0.00922275
0.01093554
0.00898576
0.00853229
0.00831604
0.01013708
0.00872755
0.00976872
0.00972533
0.00916886
0.00881743
0.01050663
0.00930619
0.01023793
0.01209641
0.00909805
0.00904465
0.00912738
0.01037836
0.01214170
0.00937057
0.00940228
0.00955629
0.00928926
0.01071024
0.00917506
0.01081896
0.01093554
0.00985432
0.01092267
0.01102376
0.00968313
0.00925231
0.00974250
0.00977397
0.00976253
0.00951052
0.00911331
0.01061058
0.00975251
0.00909114
0.00905252
0.01004291
0.01098108
0.01058841
0.00877166
0.00994945
0.00833726
0.00943184
0.00851130
0.01030016
0.01029801
0.00992274
0.01018786
0.00991964
0.00911951
0.00845361
0.01051831
0.00816751
0.00952959
0.00841236
0.00851488
0.00951576
0.00838661
0.01098013
0.01048851
0.01089144
0.01009560
0.00927663
0.00921297
0.00796747
0.00797319
0.00883293
0.01031351
0.00874424
0.00841713
0.00868416
0.01059389
0.01093984
0.01017642
0.01099372
0.01054835
0.01103902
0.01124406
0.00845098
0.01083732
0.01176524
0.00917983
0.00961637
0.00975800
0.01278973
0.01049972
0.01053977
0.00974298
0.00862169
0.00940681
0.00970960
0.00968456
0.00863791
0.00989866
0.01016641
0.00888777
0.00964785
0.00872231
0.00968456
0.01007795
0.00816917
0.00999427
0.00835133
0.01066089
0.00884080
0.00960755
0.00783253
0.00843930
0.00950003
0.00804710
0.00935030
0.00793338
0.00865579
0.00886750
0.00950265
0.01292849
0.00938487
0.00818515
0.00947070
0.00810027
0.00921869
0.00791073
0.00885463
0.00833297
0.00854897
0.01011372
0.00806737
0.00807858
0.00798178
0.00876617
0.00794411
0.00978589
0.00808573
0.00873709
0.00799608
0.00909185
0.00896835
0.00884199
0.00833845
0.00894904
0.00788641
0.00945020
0.00839305
0.00942421
0.00805211
0.00990605
0.00900912
0.01000309
0.00871253
0.00962234
0.00815201
0.00979567
0.00840807
0.00971556
0.00836778
0.00958991
0.00859213
0.01018310
0.00887084
0.00957346
0.00853491
0.00996733
0.00842190
0.01015329
0.00862670
0.00932384
0.00782418
0.00892425
0.01011539
0.01101780
0.00844407
0.00792146
0.00921226
0.00870132
0.00850868
0.01037979
0.00786781
0.00880122
0.00826359
0.00953698
0.00934410
0.00897312
0.00798321
0.00938654
0.00913119
0.00817585
0.00959325
0.00812912
0.00884414
0.01005769
0.01135445
0.00982380
0.00836563
0.00918388
0.00930572
0.00891447
0.00907731
0.00844193
0.00932002
0.00948930
0.00950074
0.00808835
0.00926256
0.00989199
0.00793004
0.00985336
0.00785303
0.00980711
0.00793386
0.00977278
0.01000977
0.00915623
0.00776362
0.00851178
0.00858116
0.00819802
0.00793171
0.00983286
0.00896382
0.00910521
0.00925112
0.00889826
0.00916338
0.00890732
0.00956583
0.00881839
0.00923848
0.00890684
0.00931716
0.00895858
0.00824380
0.00911880
0.00954080
0.00855899
0.00911951
0.00978756
0.00839853
0.00879598
0.00892591
0.00917625
0.00897956
0.00873160
0.00982308
0.00888395
0.00865269
0.00851774
0.00942945
0.00786901
0.00864458
0.00906348
0.00897837
0.00818825
0.00834298
0.00870943
0.01191282
0.00819492
0.00807047
0.00864339
0.00959682
0.00991416
0.00943613
0.00829935
0.00909972
0.00907493
0.00943613
0.00974321
0.00905609
0.00897598
0.00936556
0.00919151
0.00904274
0.00893664
0.00795293
0.00968862
0.00988126
0.00901413
0.00800157
0.00853896
0.00917768
0.00853515
0.00880027
0.00840139
0.00843763
0.00867844
0.01012731
0.00916982
0.00922894
0.00898862
0.00979257
0.00887370
0.00785398
0.00818253
0.00831938
0.01043510
0.00789475
0.01018906
0.00842547
0.01004434
0.00928259
0.00889373
0.00946093
0.00902390
0.00961185
0.00856996
0.00900006
0.00867844
0.00817800
0.01028442
0.00951362
0.00914216
0.00791454
0.00961614
0.00823617
0.00950360
0.00795150
0.01008821
0.00798988
0.00849652
0.00867987
0.01013112
0.00851178
0.00963426
0.00832129
0.00921535
0.00845313
0.00921226
0.00813270
0.00895452
0.00890374
0.01097941
0.00837445
0.00992107
0.00953698
0.01033044
0.00987363
0.01109290
0.01050663
0.01062322
0.01168299
0.00811911
0.00838637
0.00917220
0.00886774
0.00803208
0.00893474
0.00863385
0.00833392
0.00864148
0.00931311
0.00958800
0.00835824
0.00849009
0.00887847
0.00791788
0.00848651
0.00950289
0.00835991
0.00919127
0.00831938
0.00831938
0.00869203
0.00998259
0.00780225
0.00873637
0.00934815
0.01229787
0.01036334
0.00942063
0.01123619
0.01037455
0.01093364
0.00966930
0.00998521
0.00935960
0.01197648
0.01041031
0.00980496
0.01112390
0.01015592
0.00966811
0.00838089
0.00890779
0.00843501
0.00884604
0.00908589
0.00880146
0.00923276
0.00914860
0.00917888
0.00901985
0.00840878
0.00908256
0.00976253
0.01126242
0.00990796
0.00856376
0.00785303
0.00822520
0.00807118
0.00788856
0.00944948
0.00964236
0.00993276
0.00982237
0.00915885
0.00873470
0.00957584
0.00859523
0.00836325
0.00903511
0.00943422
0.00955415
0.00911331
0.00927401
0.00942755
0.00958991
0.00850987
0.00943327
0.00893545
0.00902963
0.00783372
0.00862598
0.01147771
0.01028848
0.00913548
0.00981450
0.00800490
0.00976706
0.00819564
0.00947142
0.00799537
0.00980997
0.00908971
0.00962424
0.00996995
0.00913787
0.00897074
0.00954747
0.00878906
0.00938416
0.00919342
0.00930810
0.00921488
0.01002502
0.00850534
0.00968933
0.00960922
0.00947070
0.00882077
0.00912547
0.00924659
0.00846767
0.00917673
0.01003790
0.00956988
0.00914645
0.00882840
0.00918937
0.00947165
0.00918388
0.00886774
0.00826621
0.00890017
0.01001287
0.01034093
0.01036286
0.00845933
0.00848126
0.00899482
0.00831914
0.00868869
0.00867629
0.00887728
0.00875592
0.00958991
0.00963092
0.00924563
0.00918245
0.00912094
0.00914645
0.00862980
0.00894141
0.00952172
0.00913215
0.00958133
0.00947022
0.00939727
0.00934863
0.00881433
0.00941086
0.00914598
0.00925398
0.00892448
0.00894880
0.00873184
0.00947547
0.00929093
0.00886512
0.00923347
0.00804782
0.00920272
0.00816154
0.00908542
0.00905609
0.00889015
0.00939155
0.01052880
0.01264882
0.00913262
0.00985265
0.00826740
0.00990129
0.00956249
0.00803757
0.00878549
0.00871325
0.01013541
0.01023936
0.01002407
0.00935793
0.00867009
0.00869823
0.00811481
0.00922275
0.00834918
0.00858665
0.00866985
0.00846910
0.00841284
0.00946593
0.00814080
0.00935888
0.00844431
0.00878263
0.00822115
0.00954485
0.00825453
0.01152062
0.00856352
0.00902700
0.00861001
0.00978565
0.00783873
0.00982285
0.00810003
0.01059604
0.00815010
0.01027298
0.00847888
0.01091719
0.00917625
0.00902724
0.00840187
0.00840473
0.00861549
0.01003575
0.00820827
0.00938201
0.00963664
0.00899816
0.00970435
0.00866580
0.00832033
0.00974941
0.00951195
0.00893474
0.00813150
0.00792575
0.00804520
0.00921512
0.00892735
0.01189971
0.00882792
0.00916767
0.00812650
0.01208186
0.01144552
0.01114249
0.00985384
0.00921559
0.00942349
0.00864387
0.00945973
0.00922537
0.00798655
0.00988579
0.00919247
0.00903511
0.00947571
0.00917268
0.00966001
0.00853539
0.00910163
0.00820088
0.00867605
0.00821137
0.00911713
0.00834203
0.00883698
0.00799632
0.00908303
0.00862765
0.00914145
0.00976729
0.00849724
0.00833797
0.00859761
0.00975442
0.00898743
0.00874019
0.00833583
0.00973129
0.01092434
0.01023149
0.01051617
0.01033115
0.00954509
0.01053333
0.01040745
0.00892162
0.00892115
0.01012802
0.01008821
0.01077604
0.00948834
0.01144409
0.00879502
0.00820136
0.00979924
0.00779200
0.01029038
0.00984287
0.01180100
0.00825405
0.00871801
0.00826073
0.00935030
0.00841308
0.00857520
0.00953436
0.00881314
0.00942779
0.01072693
0.00873947
0.00843787
0.00913453
0.00997257
0.00778699
0.00976729
0.00809598
0.01023245
0.00896573
0.00938344
0.01158834
0.01108360
0.00925231
0.00910830
0.00906205
0.00898695
0.00916004
0.00906754
0.01005530
0.00836301
0.00905919
0.00915885
0.01065254
0.00950265
0.00884724
0.00813365
0.00828862
0.00976467
0.00894284
0.00851297
0.00970411
0.00805378
0.00875258
0.00933528
0.01020908
0.00792980
0.00956273
0.00968027
0.01171827
0.01082253
0.00906515
0.00808477
0.00833154
0.00919342
0.00854278
0.00921226
0.00784659
0.00925517
0.00932264
0.00826764
0.00949192
0.00835705
0.00900936
0.00863576
0.00859189
0.00942254
0.00900173
0.00918126
0.00977540
0.00912976
0.00846958
0.00945020
0.01187396
0.00852370
0.01020670
0.00794148
0.00907922
0.00787520
0.00804186
0.00920177
0.00873017
0.00904417
0.00908446
0.01394033
0.00910950
0.00953293
0.00958085
0.00847363
0.00948334
0.00979018
0.00907230
0.00973225
0.00885558
0.00992823
0.01003575
0.00997758
0.00970435
0.00914741
0.00937772
0.00972533
0.00916934
0.00889158
0.00946569
0.00910521
0.00971818
0.00976038
0.00791717
0.01012611
0.00816035
0.01023459
0.00839925
0.00990629
0.01029396
0.00945187
0.00927305
0.00854921
0.00870037
0.00886869
0.00913072
0.00864196
0.00945640
0.00848818
0.01124072
0.00936460
0.00898814
0.01012683
0.00863600
0.01144814
0.00946665
0.01000953
0.00851798
0.01067042
0.01089382
0.01355171
0.00993776
0.00844765
0.01038098
0.00974679
0.01018262
0.00921178
0.00927234
0.01027107
0.01322007
0.00871253
0.01044130
0.01066375
0.01173878
0.01049852
0.01049399
0.01072454
0.00981927
0.00874996
0.00989318
0.00990367
0.01081371
0.01006675
0.01081347
0.01060367
0.01154780
0.01261520
0.01143575
0.01580954
0.00913024
0.01042819
0.01181889
0.01162577
0.01092052
0.01020050
0.01087427
0.01123309
0.01054549
0.01082897
0.01014781
0.01024580
0.01112723
0.01086545
0.00881052
0.00989771
0.00899768
0.01261806
0.00870109
0.01102018
0.00830555
0.00881410
0.01078415
0.01028872
0.01153016
0.00915766
0.01349068
0.01035094
0.01030731
0.01337481
0.01312685
0.01086617
0.01115012
0.01160383
0.01074100
0.00947213
0.00945187
0.00847721
0.00865149
0.00970483
0.01088309
0.00906348
0.01078153
0.01140714
0.01161480
0.01144791
0.01157832
0.01244187
0.01040125
0.00986004
0.01280403
0.01224184
0.00982785
0.01052785
0.01062107
0.01303172
0.01114559
0.00960660
0.00975513
0.01051450
0.01125169
0.01081181
0.01203918
0.01276493
0.01129293
0.01063752
0.00982213
0.00985670
0.01170444
0.01083803
0.01208043
0.01106715
0.01051641
0.00918460
0.01036477
0.01067162
0.01106691
0.00995398
0.01154351
0.01044035
0.01120019
0.01356578
0.01172709
0.00969577
0.01067138
0.00905681
0.01023102
0.01195741
0.01079178
0.00945139
0.01154852
0.01050687
0.01083016
0.01018763
0.01005411
0.00904799
0.00937772
0.01073980
0.00992584
0.00867105
0.00951099
0.01026416
0.00820565
0.00828481
0.00979805
0.00992727
0.01025677
0.01013947
0.01102138
0.01073170
0.01082039
0.01068068
0.00944805
0.01031971
0.00872922
0.01119208
0.00970030
0.01130199
0.00949979
0.00950241
0.00913095
0.01072836
0.01018548
0.01241803
0.00966501
0.01040721
0.01428556
0.00973153
0.01284933
0.01103449
0.00983667
0.01268625
0.00951743
0.01056123
0.01171732
0.01002312
0.00985694
0.01088333
0.00974321
0.01007676
0.00928879
0.01063967
0.01065159
0.01087141
0.00989652
0.00867915
0.00864577
0.00954080
0.01094341
0.00897455
0.01101589
0.01035976
0.01300907
0.01070976
0.00990081
0.00968289
0.01087165
0.01026893
0.01008725
0.01354408
0.01065731
0.01074433
0.01027989
0.01083517
0.00844669
0.00977731
0.01076198
0.00909781
0.00877476
0.00860095
0.00841141
0.01139760
0.00960755
0.01205921
0.01046133
0.01123643
0.00977087
0.00992799
0.01045370
0.01033711
0.01076913
0.01117468
0.01027513
0.01195383
0.01186991
0.00945425
0.01000571
0.01279187
0.00916529
0.00882649
0.01124597
0.01092482
0.00967240
0.01131034
0.01025343
0.00866652
0.00826907
0.01081634
0.00976801
0.01018381
0.01070619
0.01097155
0.00885606
0.00916862
0.00943565
0.01019335
0.01115346
0.01027441
0.00987959
0.01066494
0.00884676
0.00987101
0.00983429
0.01092362
0.01149607
0.00960207
0.01070547
0.01039743
0.01055050
0.01259947
0.00938869
0.01131296
0.01262307
0.01054120
0.01064467
0.01052690
0.01222897
0.00982118
0.00944901
0.01105452
0.01058602
0.01091337
0.01121831
0.01027298
0.01193404
0.00907874
0.01142168
0.01050329
0.00924563
0.00923586
0.00975657
0.01100087
0.01144648
0.00895000
0.00974751
0.01008153
0.00905752
0.00859475
0.00985575
0.00945210
0.00997901
0.00983024
0.00966668
0.00949430
0.01067042
0.01104379
0.01085639
0.00986385
0.00979853
0.01009107
0.01011539
0.00953269
0.01010251
0.01111054
0.01059604
0.01033330
0.00976849
0.01166272
0.00993943
0.01014447
0.01112342
0.00983167
0.01006675
0.01132035
0.00998116
0.01047587
0.01302981
0.01046562
0.00985670
0.01097012
0.00960994
0.00891018
0.01070237
0.01096153
0.01048160
0.00944519
0.00931573
0.00934744
0.01133394
0.00981855
0.00889611
0.01001835
0.00907207
0.01148748
0.00976801
0.01114106
0.01034188
0.01093888
0.00983930
0.00885582
0.00959086
0.01078415
0.00942492
0.01113296
0.00987625
0.00972772
0.00935626
0.01058674
0.01145482
0.01021624
0.00924492
0.00938439
0.01054716
0.00882268
0.00977969
0.00917006
0.01133180
0.01131654
0.01028180
0.00995255
0.00922608
0.01003385
0.00898886
0.01140070
0.01019478
0.00978541
0.00869441
0.01032948
0.01059246
0.01142001
0.00965261
0.01080418
0.00972867
0.00966954
0.00952339
0.01236391
0.01085377
0.00945354
0.01014471
0.00778413
0.01176834
0.01076865
0.00828743
0.01036572
0.01056194
0.00921679
0.00800705
0.00845170
0.00834656
0.00973010
0.00986791
0.01151776
0.00962496
0.01057601
0.01201320
0.00924158
0.01125669
0.00962687
0.01066160
0.00978541
0.01028967
0.00834394
0.01055884
0.00978184
0.01061749
0.01064730
0.01028967
0.01003861
0.00837255
0.00888252
0.00970459
0.00950909
0.01080823
0.01158404
0.00834107
0.01050806
0.00990796
0.00948691
0.00988841
0.00947213
0.01007676
0.00950408
0.00922084
0.00938797
0.01194644
0.01040292
0.01101089
0.01017261
0.00934625
0.01184773
0.00973272
0.01030374
0.00942707
0.01057839
0.01169395
0.01015568
0.01044846
0.01058745
0.00920653
0.00954962
0.01103139
0.00910616
0.00945497
0.01025033
0.00947332
0.01085138
0.01030564
0.00911140
0.01062751
0.00826907
0.01069927
0.00948620
0.00980973
0.01149106
0.00908160
0.00874567
0.01119566
0.01276350
0.00928259
0.00921512
0.01107860
0.00969720
0.00939298
0.00857925
0.01078844
0.01193929
0.00948930
0.00945187
0.00846219
0.00901270
0.00979495
0.01053143
0.00963759
0.01058316
0.01060104
0.00877666
0.00982594
0.01076293
0.00919318
0.01017404
0.01032925
0.00958395
0.01012969
0.01052356
0.01494098
0.01057649
0.00971866
0.01119733
0.00979447
0.00895691
0.01000333
0.00960112
0.01054502
0.01137662
0.01035070
0.00981903
0.01007891
0.01128078
0.00945234
0.00966382
0.00923991
0.01070285
0.01833296
0.00972390
0.00893092
0.00977373
0.00940919
0.01006246
0.01064968
0.01017594
0.01087141
0.00921059
0.00937939
0.01047897
0.00893474
0.01041245
0.01154923
0.00971937
0.01017666
0.01093054
0.00957298
0.01191831
0.01140904
0.00931072
0.01003838
0.01103592
0.01132011
0.01143503
0.01096368
0.00859475
0.00893807
0.00892639
0.01031756
0.01053762
0.00946426
0.01052403
0.01139545
0.01001716
0.01179910
0.01073432
0.00997567
0.00878358
0.00922942
0.01112247
0.00978494
0.01088715
0.00931835
0.00830650
0.00952387
0.01046395
0.00984263
0.01106668
0.01150012
0.01037860
0.01176548
0.01170111
0.00912094
0.01076365
0.00985432
0.00987220
0.00974846
0.00955200
0.00977898
0.01121998
0.01046181
0.00988245
0.01125121
0.00931287
0.01092291
0.01030874
0.00978827
0.01048899
0.01409030
0.01185107
0.00900316
0.01004243
0.01055956
0.01114774
0.01095033
0.01007056
0.01013923
0.01166058
0.00864840
0.01000047
0.01074743
0.00850415
0.00914907
0.00953674
0.00987530
0.01003885
0.01045132
0.01040983
0.00964880
0.01079249
0.01127124
0.01065588
0.00944614
0.00943756
0.01056290
0.00934672
0.00934100
0.01039767
0.00927925
0.01061559
0.00939584
0.01091838
0.00869703
0.02055526
0.01042080
0.01230216
0.01016378
0.00947094
0.00855732
0.00978875
0.00999594
0.01018763
0.00955224
0.01010752
0.00959945
0.01102400
0.01108789
0.00997066
0.00983858
0.00871181
0.01157713
0.01074266
0.01088333
0.01102614
0.00954700
0.01011205
0.00965858
0.00934362
0.01038599
0.01130271
0.00979066
0.00984526
0.00918341
0.01171231
0.01065660
0.01013732
0.01041746
0.00867701
0.00994086
0.00981545
0.00908828
0.01135349
0.00869513
0.01078320
0.00956225
0.01091146
0.01016831
0.01522565
0.00910878
0.00873733
0.00963807
0.01014638
0.01121926
0.01090288
0.00952768
0.01025033
0.01096725
0.00967669
0.01028228
0.01161480
0.00928020
0.01050973
0.01175880
0.00927496
0.01056790
0.01018620
0.00930047
0.00998378
0.01225090
0.00877357
0.01019692
0.00947142
0.01026201
0.01107192
0.00815821
0.01119590
0.01036525
0.00846291
0.00909925
0.01006866
0.00955439
0.01043487
0.01076436
0.00934792
0.01068783
0.01163316
0.00947261
0.01153994
0.00857329
0.01025105
0.00882339
0.00962472
0.00932121
0.01104355
0.00974917
0.00866437
0.00967646
0.00917554
0.01004004
0.01056886
0.00949907
0.01025128
0.01037264
0.00910211
0.01017523
0.01032686
0.01049423
0.00894618
0.00950384
0.00868702
0.00960302
0.01032400
0.01075721
0.01081610
0.00878859
0.01512480
0.00900340
0.00918818
0.01192403
0.01089907
0.00909305
0.00982523
0.01262140
0.01031494
0.00943303
0.01178145
0.01090932
0.00932765
0.00935173
0.00924015
0.00997281
0.01048613
0.01155615
0.01125145
0.01086760
0.00851774
0.01109099
0.00988126
0.00845194
0.00896788
0.01108646
0.00948048
0.00994897
0.01209283
0.00855970
0.00978208
0.01035309
0.01106739
0.00958991
0.01084018
0.01048541
0.01174784
0.01080918
0.01051307
0.00895238
0.01091456
0.01084757
0.01103377
0.00964379
0.01079750
0.00958037
0.00977540
0.00925660
0.01093769
0.00878644
0.00994039
0.01196790
0.01127672
0.00962567
0.00953650
0.00999308
0.01027536
0.01008201
0.00956202
0.01002574
0.01192403
0.00983667
0.00975013
0.01099348
0.00961924
0.01071501
0.00963926
0.00936985
0.01066732
0.01088834
0.00865126
0.01107788
0.00854778
0.00888181
0.01089096
0.00949383
0.01118588
0.01030564
0.01082468
0.01194501
0.01070213
0.01187396
0.00949502
0.01256514
0.01018882
0.00906944
0.01032972
0.00982809
0.00913668
0.01050448
0.01041174
0.00857258
0.00850749
0.01105452
0.00829577
0.01236129
0.01183343
0.00957608
0.01219749
0.01058102
0.00891304
0.00877666
0.00861931
0.01040244
0.01200771
0.00889421
0.00974298
0.01026869
0.00971437
0.00975943
0.00804996
0.00950146
0.01041818
0.00870180
0.00835562
0.01062298
0.00938821
0.01163101
0.01103258
0.00929880
0.01238227
0.01205182
0.00994515
0.01196480
0.01076055
0.00913477
0.01183820
0.01094294
0.00901675
0.00898719
0.00912356
0.00987744
0.00877380
0.00908828
0.01003408
0.01154709
0.01072121
0.00839424
0.01038814
0.01006246
0.00901365
0.01250505
0.01009655
0.00872707
0.01175594
0.00956607
0.01080823
0.01212072
0.01198196
0.00844598
0.00818443
0.00889206
0.01031256
0.00988102
0.01064444
0.01070237
0.00847721
0.01093698
0.00913572
0.00866461
0.01086760
0.01065493
0.01005101
0.01014757
0.01054931
0.01089120
0.00908732
0.00995922
0.01013279
0.01032209
0.01053882
0.00959754
0.00867915
0.01147985
0.01412892
0.01054740
0.00821424
0.01040268
0.01026940
0.01002693
0.00911975
0.00982118
0.01048660
0.01015973
0.01087475
0.00911427
0.00999928
0.00974417
0.00865293
0.00946879
0.00945377
0.01010585
0.00956440
0.00928140
0.00920439
0.01178384
0.00967884
0.01043439
0.01055765
0.01058078
0.01252842
0.00972009
0.01242566
0.01030612
0.01067758
0.01083541
0.01046705
0.00951862
0.00933933
0.01097894
0.00920892
0.01069951
0.00968504
0.00972104
0.01011634
0.01032209
0.01008749
0.01052451
0.00996757
0.00982594
0.01134968
0.01021242
0.00971985
0.01223111
0.00976229
0.01110911
0.01090193
0.00851226
0.01107383
0.00912738
0.01025677
0.01104140
0.00870490
0.01070523
0.01039410
0.00897169
0.00938201
0.00936818
0.00972557
0.00995517
0.00913286
0.01126289
0.01045609
0.01091266
0.01122594
0.00908399
0.00967574
0.00898290
0.00851536
0.00887513
0.01051736
0.01204157
0.00938916
0.01012373
0.01260972
0.00923324
0.01179075
0.01028752
0.01038742
0.00937366
0.01045632
0.01054740
0.00915122
0.01259422
0.00946188
0.01218700
0.01164198
0.00998235
0.01019740
0.01146746
0.01048708
0.01060557
0.01134610
0.00879765
0.00899577
0.01121879
0.00987625
0.01257563
0.01097560
0.00906849
0.01145363
0.00948215
0.00899339
0.01077414
0.00913334
0.00930882
0.00930738
0.00928259
0.00964928
0.00980473
0.01212502
0.00980997
0.00974274
0.00931716
0.00876045
0.00876594
0.01286030
0.01098204
0.01029181
0.00922942
0.01073432
0.00972819
0.01078653
0.00936651
0.00993156
0.01012969
0.00996590
0.01092577
0.01028347
0.01087642
0.00969148
0.01324368
0.01163340
0.00963044
0.01045847
0.01415992
0.01023865
0.00856781
0.01036072
0.00895452
0.00997591
0.00925374
0.00873041
0.01009393
0.00983953
0.01185942
0.00952029
0.00999451
0.00981641
0.01122308
0.01062751
0.00951743
0.00982213
0.00949192
0.01251316
0.01052237
0.00969696
0.00884652
0.00884390
0.01022744
0.01192212
0.00972462
0.00941348
0.00906134
0.01078796
0.00970364
0.00870752
0.00868869
0.00914645
0.01091433
0.01042914
0.00997281
0.01026607
0.00877881
0.01046228
0.01000690
0.01142430
0.01147509
0.00871181
0.01090980
0.01105070
0.00956345
0.01177931
0.01154971
0.00944734
0.01019526
0.00980306
0.01070333
0.00911188
0.01281762
0.00999093
0.00901318
0.01022363
0.01206470
0.00882316
0.00907922
0.00898981
0.01194000
0.00989962
0.01021886
0.01063967
0.00938988
0.00992727
0.00933409
0.01245260
0.01087284
0.00940204
0.00892997
0.01080155
0.00879598
0.01085234
0.00990534
0.00866413
0.01101923
0.01041126
0.01014042
0.01275539
0.00925326
0.00925875
0.00962925
0.01008773
0.01004457
0.01021695
0.00900245
0.01016045
0.01106334
0.00999260
0.00907755
0.00997305
0.01037025
0.00827622
0.00989532
0.00839853
0.01190710
0.00874233
0.01174998
0.00986242
0.01058245
0.01104450
0.01127863
0.00981355
0.01199079
0.01048923
0.00909567
0.00990033
0.00872016
0.00960708
0.00925446
0.00961089
0.01017737
0.00960875
0.00960207
0.01166606
0.01023841
0.01093554
0.01160955
0.00930476
0.01120591
0.01164198
0.00981808
0.00861192
0.01010013
0.00894022
0.01099944
0.00990224
0.00963831
0.01028109
0.00975418
0.01012158
0.00911593
0.01338029
0.01049781
0.00980139
0.01201630
0.01009774
0.01005197
0.01131439
0.00982237
0.00910926
0.00954151
0.01038551
0.01125693
0.01014662
0.00889897
0.01138759
0.01051188
0.00911474
0.01042891
0.00911140
0.00997043
0.00971580
0.00969076
0.01006174
0.00915647
0.00934553
0.00861549
0.01181889
0.00980473
0.00922346
0.00975704
0.00992870
0.00891328
0.00997901
0.00847197
0.00891137
0.00784588
0.00982881
0.00790238
0.00887060
0.00866747
0.00900364
0.00805640
0.00859404
0.00773621
0.00954866
0.00810790
0.00812602
0.00827956
0.00897813
0.00802064
0.00951242
0.00816846
0.00917506
0.00878477
0.00852609
0.00833535
0.00922894
0.00875449
0.01028943
0.00945258
0.00907707
0.00877857
0.00905681
0.00986481
0.00900769
0.00924969
0.00869107
0.00935626
0.00922227
0.00893426
0.00883245
0.00971341
0.00923300
0.00922084
0.00951362
0.00822735
0.00971818
0.00816417
0.00811863
0.00928831
0.01025605
0.00842714
0.00848913
0.00867534
0.01076245
0.00961471
0.00836897
0.00906658
0.00907636
0.01057911
0.00913358
0.00913572
0.00896978
0.00791287
0.00811601
0.00854135
0.01047611
0.01011133
0.00810099
0.00901031
0.00926232
0.00899982
0.00928855
0.00906348
0.00923824
0.00928211
0.00983882
0.00880790
0.00899124
0.00951314
0.00818706
0.00829291
0.00991321
0.00849199
0.00940752
0.00876522
0.00838184
0.00857258
0.00902128
0.00887847
0.00856900
0.00864077
0.00794005
0.00946522
0.00878239
0.01053286
0.00918007
0.01002479
0.00920796
0.00969005
0.00937724
0.00943375
0.00893259
0.00821018
0.00841999
0.00880027
0.01040959
0.00839281
0.00942278
0.00933838
0.00813437
0.00868082
0.00869536
0.00792384
0.00812244
0.00834990
0.01032734
0.00806880
0.01017880
0.01123905
0.01015735
0.01087713
0.01017427
0.00822401
0.00889850
0.00812316
0.00947142
0.00792813
0.00981021
0.00869465
0.01046205
0.00876784
0.00819588
0.00880146
0.00824237
0.00825071
0.00969195
0.00945568
0.00889063
0.00942850
0.00947213
0.00834298
0.00852132
0.00822091
0.00818419
0.00835347
0.00873613
0.00898361
0.00929475
0.00847793
0.00884151
0.00847960
0.01067328
0.00955772
0.00931478
0.01022100
0.00808334
0.00869274
0.00928545
0.00880265
0.00959277
0.00897264
0.00941396
0.00829172
0.00948715
0.00810671
0.00931311
0.00859404
0.00920486
0.00810194
0.01021504
0.00900817
0.01003432
0.00944424
0.00795245
0.00922561
0.00792003
0.00835419
0.00815344
0.00910664
0.00840473
0.01012063
0.00889349
0.01074862
0.00908542
0.00885749
0.00897861
0.00913286
0.00941157
0.00902939
0.00902557
0.00927377
0.00926518
0.00918484
0.00925684
0.00897193
0.00922346
0.00943351
0.00904608
0.00873375
0.00900292
0.00919342
0.00938582
0.00958896
0.00942302
0.00944400
0.00908041
0.00832582
0.00933290
0.00954080
0.00905013
0.00846100
0.00920343
0.00973868
0.00919461
0.00856090
0.00953460
0.00939250
0.00876927
0.00923681
0.00869036
0.00929236
0.00901318
0.00818419
0.00881100
0.00936699
0.00878549
0.00916171
0.00879574
0.00911736
0.00988960
0.00937080
0.00832057
0.00964642
0.00836992
0.01044464
0.00840187
0.00836849
0.00820112
0.00876570
0.01036596
0.00883484
0.01025295
0.00794935
0.01019502
0.00981927
0.00889421
0.00963211
0.00881839
0.01029849
0.00907302
0.00898576
0.00925207
0.00934052
0.00889301
0.00931525
0.00950575
0.01005530
0.00980043
0.00854087
0.00915122
0.00851178
0.00817156
0.00925422
0.00933909
0.01054597
0.01014638
0.00964475
0.00830603
0.00821257
0.00931406
0.00802279
0.00994635
0.00828218
0.00946331
0.00825977
0.00830388
0.00909710
0.01476336
0.00815821
0.00928831
0.00955033
0.00998974
0.00947309
0.00860882
0.00907898
0.00893354
0.00947738
0.01194096
0.00900197
0.00882721
0.00833893
0.00808191
0.00826240
0.01006317
0.00944257
0.00884438
0.00965309
0.00929761
0.00935960
0.00924325
0.00912571
0.00883126
0.00918031
0.00920105
0.00964737
0.00891209
0.00919962
0.00929928
0.00966263
0.00980735
0.00924063
0.00805211
0.00932097
0.00865793
0.00791073
0.00935578
0.00957179
0.00991225
0.00840974
0.00992370
0.00831532
0.00847077
0.00856781
0.00948286
0.01035786
0.00854087
0.00909090
0.00852919
0.00891232
0.00886083
0.00885248
0.00793219
0.00943255
0.00839710
0.00900793
0.00793624
0.00935984
0.00847268
0.01028633
0.00946307
0.01025128
0.00972199
0.00907922
0.00791621
0.00921440
0.00809646
0.00925732
0.00792146
0.00876927
0.00851583
0.00901556
0.00877833
0.00875449
0.00847125
0.00854349
0.00864625
0.01056337
0.00857258
0.00915051
0.00812578
0.00914288
0.00962734
0.00984716
0.01000762
0.00947595
0.00889277
0.00956154
0.00825453
0.00989747
0.00843787
0.00871277
0.00881124
0.00968266
0.00873399
0.00919628
0.00805426
0.00941777
0.00902724
0.01000571
0.00840044
0.00828600
0.00822997
0.01055193
0.00930262
0.00922489
0.00921607
0.00890446
0.00918102
0.00934243
0.00862432
0.00917602
0.00844336
0.00889659
0.00972962
0.00992751
0.00961065
0.00892901
0.00811815
0.00822425
0.00889683
0.00968361
0.00869370
0.00779009
0.00861025
0.01054239
0.00893426
0.00836062
0.00833821
0.00851417
0.00841856
0.00940633
0.00827193
0.00816751
0.01016974
0.00794482
0.01004672
0.01139927
0.00974536
0.01103473
0.01017809
0.00973964
0.00949812
0.00812507
0.00890899
0.00830078
0.00936460
0.00882196
0.00826740
0.00988078
0.00853944
0.00897646
0.00841784
0.00837469
0.01010299
0.00820541
0.01107216
0.00852847
0.00912476
0.00893807
0.01087260
0.00796890
0.01134729
0.00809264
0.00983000
0.00816011
0.01195002
0.00908828
0.00872231
0.00838161
0.00888944
0.01127315
0.00974298
0.00968432
0.00996184
0.00891972
0.00835586
0.00921464
0.00902104
0.00842810
0.00850892
0.00806093
0.00858259
0.00806808
0.00822902
0.00921965
0.00824594
0.00927162
0.00809908
0.00827265
0.00838113
0.00895071
0.00987649
0.00796938
0.00874925
0.00804687
0.00808620
0.00951219
0.00884557
0.00853157
0.01052761
0.01032829
0.00927472
0.01020479
0.00842905
0.00866461
0.00830889
0.00954795
0.00829291
0.00900578
0.00788879
0.00968266
0.00823927
0.00900674
0.00835919
0.00960946
0.00906825
0.00901866
0.00872493
0.00993967
0.00931144
0.00873399
0.00879264
0.00877357
0.00803375
0.00942278
0.00916409
0.00950170
0.00996637
0.00939989
0.00950623
0.00830579
0.01093197
0.00843167
0.00814462
0.00963235
0.00971460
0.01014876
0.01033378
0.00920677
0.00861716
0.00967383
0.00943565
0.00821948
0.01032925
0.00918984
0.00901127
0.00868011
0.01002240
0.01074243
0.00865102
0.00947762
0.00910878
0.00939202
0.00820446
0.00845790
0.00903130
0.00928617
0.00988698
0.00889516
0.00930738
0.01177669
0.00917578
0.01006413
0.00877190
0.00956821
0.00879145
0.00801969
0.00941014
0.01024127
0.00971079
0.00971484
0.01185560
0.01102924
0.01031899
0.00943923
0.00979185
0.00816846
0.00891781
0.00822449
0.00844622
0.00945091
0.00827932
0.00807524
0.00821972
0.00919700
0.00924134
0.00900006
0.00805926
0.00833225
0.00830793
0.01061630
0.01005173
0.01006794
0.00967169
0.00830126
0.00951052
0.00919604
0.00904179
0.00819254
0.01010776
0.00811028
0.00987053
0.00969076
0.00918508
0.00814962
0.00916862
0.00857663
0.00929236
0.00908637
0.00970602
0.00921655
0.00904703
0.00853443
0.01064324
0.00854921
0.00969601
0.00823379
0.00882173
0.00815630
0.00927091
0.00858974
0.00980020
0.00864363
0.00941515
0.00860310
0.00903773
0.00819564
0.00835180
0.00830483
0.01065874
0.00872397
0.00832605
0.00942540
0.00931382
0.01081133
0.00998569
0.00968504
0.00971150
0.00921965
0.01160097
0.01017427
0.00998497
0.01125407
0.01394582
0.01020074
0.00928164
0.00947452
0.00798726
0.00924182
0.00808239
0.00932026
0.00819731
0.00931334
0.00811243
0.00866723
0.00815797
0.00974035
0.00828409
0.00892878
0.00829339
0.00912714
0.00803781
0.00896525
0.00884414
0.01141262
0.00840664
0.00969124
0.00825429
0.01041675
0.00839114
0.00995588
0.00849605
0.00953889
0.00836015
0.01066136
0.00897074
0.00830007
0.00852847
0.00802279
0.00967169
0.00806165
0.00821877
0.00942278
0.00878596
0.00970984
0.00977540
0.01079249
0.00953078
0.00911832
0.00906467
0.00917721
0.00927424
0.00872707
0.00892282
0.00956511
0.00914931
0.00885224
0.00990677
0.00928116
0.00824928
0.00866008
0.00817084
0.00898981
0.00806308
0.00983357
0.01484251
0.01112747
0.01000929
0.00786805
0.00948238
0.00843978
0.00943422
0.00877380
0.00997019
0.01098680
0.00923944
0.01022148
0.01167440
0.00942159
0.01006055
0.00983095
0.01150227
0.01409507
0.01137090
0.01070166
0.01066566
0.01044559
0.01123548
0.01090145
0.00811338
0.01081228
0.00807714
0.01117039
0.00815845
0.01037335
0.00853992
0.00976944
0.00827503
0.01155496
0.01142764
0.01100016
0.01099586
0.00886679
0.00822997
0.00835919
0.00979018
0.00954199
0.00856614
0.01162267
0.01088166
0.00928307
0.01004410
0.00840878
0.01058078
0.00862312
0.01055908
0.01027989
0.01122904
0.00989079
0.01100874
0.00865626
0.01207972
0.01247549
0.01018476
0.00891638
0.01040053
0.01111937
0.01326084
0.01243448
0.00969052
0.00966311
0.00947595
0.01106071
0.00994349
0.00859928
0.01144576
0.01026177
0.00935960
0.01189685
0.00903702
0.00881052
0.01115322
0.01274633
0.01082110
0.00829196
0.01138687
0.01120138
0.01013851
0.01114058
0.00900578
0.00917673
0.01168990
0.01046562
0.01090527
0.01265669
0.01037359
0.00976562
0.01226449
0.01029897
0.01039433
0.01452518
0.01168704
0.01220465
0.00866771
0.01055980
0.00869370
0.00998616
0.01022410
0.01165199
0.01108813
0.00930977
0.00972867
0.01018047
0.00869370
0.00915861
0.01014090
0.01046038
0.00943494
0.01106691
0.01365089
0.01125956
0.01153851
0.02017832
0.02615571
0.01321530
0.01256442
0.01261854
0.01090503
0.00897384
0.01055574
0.01322412
0.01139522
0.01094484
0.01046276
0.01181626
0.01023483
0.00865746
0.01130414
0.00934911
0.00961065
0.01013684
0.01037431
0.01208425
0.00991130
0.01030898
0.00971699
0.00976658
0.01059794
0.00916409
0.00944448
0.01078725
0.00921798
0.01044178
0.01123857
0.00942802
0.01115656
0.01265121
0.00938821
0.00968170
0.01133633
0.01055861
0.01038885
0.01183724
0.00990367
0.01156545
0.01213980
0.01069212
0.01032662
0.01105070
0.00907350
0.00958776
0.00941110
0.00992799
0.01014113
0.01153111
0.01075506
0.01067543
0.00906205
0.00944066
0.01080918
0.00986242
0.01005793
0.01049376
0.00875759
0.01142597
0.00856614
0.01073980
0.01055384
0.01190305
0.01017261
0.01146531
0.01063204
0.01020956
0.01111126
0.01005149
0.01002669
0.01014543
0.00953269
0.01073146
0.01189947
0.00969577
0.01064610
0.01008248
0.00916123
0.00937724
0.01071548
0.00951886
0.00925183
0.01140642
0.00981712
0.01207995
0.01066351
0.01023293
0.01288748
0.01154160
0.00930834
0.01054835
0.01071072
0.01006675
0.01004362
0.01213527
0.01034546
0.01052666
0.01077509
0.00976562
0.01042080
0.00966573
0.01133013
0.00946522
0.01094627
0.01011181
0.00993061
0.00997210
0.01050639
0.00988150
0.01063204
0.01060653
0.00920963
0.00902438
0.01242757
0.01115942
0.01003766
0.01025724
0.00902987
0.01158643
0.01151681
0.01084447
0.01048779
0.00995159
0.01214266
0.01130962
0.00971603
0.00983405
0.00888348
0.01212549
0.01095986
0.01205587
0.01124716
0.00979066
0.01152372
0.01010418
0.01062727
0.00905871
0.01025367
0.01076508
0.01108432
0.00939012
0.00928211
0.00919819
0.00889826
0.00889850
0.01113677
0.01098800
0.01031756
0.01123428
0.00916648
0.01355267
0.01110196
0.01081324
0.00892138
0.00966668
0.01136208
0.01034713
0.01055431
0.01198220
0.01071119
0.01010561
0.01156259
0.00921798
0.00994754
0.00837851
0.00969362
0.01054120
0.00931811
0.01216221
0.00965524
0.01053452
0.01068830
0.00916290
0.01063657
0.01228118
0.01305151
0.01027942
0.01078510
0.00873375
0.00901222
0.01016951
0.00922179
0.01069665
0.00979185
0.01043010
0.01070166
0.01094151
0.00994110
0.00996161
0.01123548
0.00982046
0.01121378
0.00944877
0.00928974
0.01149058
0.01129603
0.00979519
0.01294112
0.01022768
0.00927925
0.00883579
0.00954962
0.01178050
0.01180005
0.00955129
0.01014662
0.01151800
0.01104116
0.00931454
0.00910044
0.01213741
0.00972009
0.01108718
0.01073360
0.01081038
0.01126814
0.01126337
0.01096439
0.01011992
0.01090288
0.01090741
0.01135063
0.01487041
0.00960279
0.01347995
0.00948644
0.00844741
0.00892806
0.01111674
0.01050353
0.01107788
0.01238370
0.00917482
0.00904012
0.01151776
0.01187015
0.01211166
0.01023936
0.01144409
0.02768683
0.04364347
0.01275611
0.01295161
0.01078677
0.00975275
0.01210713
0.01333499
0.00939918
0.01086664
0.01022816
0.01038313
0.01038122
0.01180100
0.01124191
0.01029563
0.01268601
0.00949121
0.00873113
0.00876236
0.00944901
0.01123309
0.01170564
0.00893521
0.01113749
0.01081157
0.00911283
0.01046705
0.00906777
0.00888252
0.01012468
0.01176858
0.01017880
0.01015878
0.01062369
0.01300025
0.01140118
0.00903726
0.01013136
0.01198888
0.01067734
0.01003623
0.00895309
0.00970292
0.00976515
0.01035213
0.01003408
0.00967932
0.01090097
0.01037407
0.00926328
0.01455688
0.01139855
0.01022077
0.01124096
0.00965500
0.00987148
0.01073432
0.01050758
0.01077890
0.00988460
0.00921607
0.01012683
0.00907969
0.00942469
0.01005244
0.00916409
0.00890589
0.01028323
0.00940108
0.00911617
0.00849843
0.01139235
0.01165223
0.00928593
0.01035023
0.01249337
0.00962186
0.01074147
0.01021528
0.00883985
0.00910187
0.01228046
0.01096272
0.01150012
0.01240563
0.01087165
0.01072192
0.01041174
0.00917482
0.00837398
0.01047873
0.01076818
0.01203966
0.00840068
0.00973296
0.01053739
0.01000524
0.00975466
0.01014805
0.00972271
0.00947309
0.01011848
0.00979233
0.00969601
0.00952530
0.00967455
0.00939226
0.00995111
0.01107574
0.01151633
0.00948358
0.00986409
0.00847530
0.00913739
0.01011634
0.00852370
0.01044273
0.00796270
0.01088548
0.01047802
0.01358771
0.01168513
0.00959277
0.00893402
0.00833631
0.00951314
0.00897431
0.00956964
0.00961971
0.01014853
0.01028752
0.00988007
0.00945902
0.01016355
0.01010489
0.00973105
0.01105666
0.01239777
0.00849032
0.00907731
0.00919247
0.01061177
0.00933599
0.01039481
0.01033497
0.00882292
0.00900960
0.00980186
0.00914192
0.00922894
0.01055932
0.01047897
0.00874758
0.01186419
0.01132441
0.00949025
0.01052499
0.01112008
0.00934076
0.00900912
0.00955558
0.00876403
0.00982308
0.01133728
0.01018310
0.01078725
0.01166129
0.01139998
0.00946379
0.01052999
0.01148057
0.00917411
0.01020193
0.01167035
0.01003957
0.00924897
0.01111650
0.01004004
0.01049399
0.01046181
0.01152372
0.01154375
0.01068687
0.00866437
0.00995231
0.00954628
0.01001525
0.01048684
0.01003957
0.00944996
0.01024628
0.01133156
0.01166010
0.01086736
0.01042676
0.00995374
0.00946307
0.01007795
0.00869012
0.01007271
0.00901771
0.01203442
0.01120853
0.00945330
0.01003814
0.00969481
0.00874639
0.01054549
0.00898910
0.01094890
0.00930309
0.01152635
0.01083922
0.00962329
0.01002336
0.00945902
0.00908256
0.00969958
0.01114964
0.00978899
0.00884128
0.01023054
0.00953722
0.00987148
0.01086259
0.01148748
0.00805306
0.01025724
0.00975871
0.01177287
0.01031113
0.00993419
0.01166773
0.01061463
0.00943732
0.01067328
0.01025772
0.01150584
0.01218867
0.00940442
0.01077867
0.01177764
0.01057005
0.00953269
0.01133132
0.01136780
0.00865245
0.00922132
0.00974917
0.01170468
0.01092958
0.01028419
0.00888324
0.00916839
0.01120996
0.01098657
0.01040006
0.01128936
0.01160312
0.01028657
0.00978851
0.01070690
0.00921583
0.01134324
0.01013660
0.00923514
0.01177382
0.00915217
0.01070786
0.00937963
0.01043773
0.01095247
0.01223755
0.01132727
0.00880408
0.01108336
0.01056051
0.01032043
0.00921369
0.00978684
0.01161766
0.00949144
0.01018715
0.01254225
0.01064825
0.00943446
0.01177502
0.01090789
0.00999975
0.01045871
0.00994945
0.01093698
0.01020622
0.00961256
0.01035690
0.00977850
0.01300335
0.01097417
0.00981331
0.01039696
0.00981665
0.01175809
0.01110411
0.00930548
0.01213551
0.00986171
0.01038671
0.01171041
0.01147151
0.01374412
0.01108360
0.01078105
0.00914598
0.00972962
0.01055241
0.01295972
0.01192570
0.01071668
0.01329422
0.01053953
0.01135421
0.01133680
0.01076293
0.01102018
0.01332641
0.01145840
0.01255679
0.01179147
0.01513100
0.01014113
0.01037836
0.01182556
0.01316190
0.01381683
0.00981402
0.01096511
0.01052856
0.01924396
0.01143503
0.01122355
0.01584983
0.01005888
0.01101160
0.01163292
0.00934029
0.00900364
0.01028061
0.00879502
0.00976205
0.01080227
0.01124501
0.00967312
0.01126575
0.00959277
0.01053596
0.01072884
0.01037526
0.01153946
0.00947165
0.00990272
0.01007962
0.00917125
0.00934362
0.00885534
0.00904775
0.01099944
0.00941563
0.01059198
0.00986791
0.01064539
0.00843692
0.01135564
0.00953698
0.01027632
0.01217508
0.01005054
0.00847244
0.00947905
0.00948691
0.01072311
0.01037335
0.00882530
0.01102042
0.01160574
0.00840068
0.00935960
0.01030636
0.01114321
0.00887179
0.00982189
0.00913000
0.01083040
0.00890255
0.00875449
0.01028967
0.00965405
0.00996399
0.00997281
0.00966120
0.01022267
0.01089001
0.00944281
0.00881171
0.01142955
0.01022029
0.00957513
0.01143599
0.00971794
0.00948071
0.00975418
0.01259542
0.00973988
0.00987029
0.00981569
0.00909042
0.00972128
0.00890803
0.00944901
0.00884461
0.01075172
0.01088142
0.00961041
0.01014328
0.00895143
0.00846219
0.01080179
0.00855708
0.01047897
0.00880480
0.00951481
0.00926113
0.01119328
0.01048899
0.01033449
0.00965905
0.00982928
0.00914288
0.00967288
0.00900960
0.00988173
0.01006389
0.00943947
0.00851178
0.00881171
0.01001477
0.00930500
0.01188183
0.01110053
0.01134419
0.00998068
0.01091862
0.01142859
0.01001620
0.01054716
0.01032996
0.01061034
0.01012349
0.00959778
0.00936604
0.00977969
0.01076078
0.00912333
0.01070070
0.01080227
0.00914550
0.00944519
0.01009464
0.01041245
0.00951838
0.01014137
0.01048684
0.01127982
0.01051760
0.01093459
0.00929713
0.00994802
0.01108718
0.00953746
0.00990200
0.01216578
0.00885201
0.00830841
0.01044488
0.01013255
0.00898051
0.01005483
0.01039863
0.00959301
0.01115203
0.00951600
0.00911093
0.01475668
0.01004243
0.00953579
0.01047397
0.01047587
0.00951219
0.01078534
0.01008153
0.01459646
0.00970531
0.01159143
0.01148558
0.00901270
0.01049662
0.01141334
0.01095676
0.00902557
0.00937223
0.00976062
0.01032734
0.00873232
0.01282620
0.01198745
0.01007318
0.00963831
0.01076770
0.01044393
0.01232147
0.00858712
0.01010466
0.01201272
0.01404810
0.00961232
0.01031327
0.01000142
0.01070285
0.01049685
0.01104736
0.01134396
0.01018739
0.00999570
0.01105714
0.00977111
0.01044631
0.01112056
0.00945449
0.01041079
0.00960445
0.00913668
0.01138520
0.01112580
0.01017714
0.00952244
0.00910830
0.00885272
0.01028848
0.01150131
0.00852990
0.01087737
0.00925851
0.01073456
0.00853825
0.00993848
0.01066017
0.01149750
0.00887442
0.00931334
0.00987291
0.00965762
0.01175141
0.01014209
0.01258349
0.01147962
0.00936055
0.01207876
0.01093149
0.01163769
0.00913048
0.01055026
0.01187348
0.01102543
0.01065874
0.01230502
0.01029086
0.01156831
0.01167583
0.01170444
0.01137662
0.01107121
0.00914693
0.01210523
0.01117969
0.01027489
0.01044536
0.01058745
0.01136422
0.01014733
0.01023531
0.00922513
0.01135850
0.00991845
0.00942349
0.01224399
0.01304412
0.01167464
0.01398396
0.01015520
0.01088595
0.01051140
0.00985718
0.01079154
0.01043200
0.00840783
0.01012945
0.00983453
0.01046062
0.01110101
0.00887942
0.01120019
0.00851226
0.01242995
0.00998330
0.00946689
0.00980806
0.01021671
0.00964785
0.01264596
0.01061630
0.00980353
0.01006150
0.01147509
0.01119971
0.01220369
0.01079679
0.01069784
0.00920963
0.01175475
0.01050591
0.00966716
0.01286602
0.01062346
0.01004004
0.01069427
0.01098776
0.00982213
0.01166296
0.01118660
0.00966024
0.01075101
0.01058102
0.01155972
0.01163721
0.01094079
0.01241636
0.01026034
0.01025295
0.01182723
0.01280856
0.01039505
0.00966072
0.00987887
0.00887585
0.01128983
0.01092768
0.01009464
0.01069450
0.01039457
0.01034832
0.01060748
0.00999188
0.01123571
0.00927711
0.00969911
0.01079464
0.00941014
0.00919294
0.01114345
0.01051855
0.01007104
0.01174760
0.01131892
0.00894117
0.00928497
0.00995755
0.01032019
0.00913858
0.01042891
0.00915718
0.00969672
0.00947618
0.01007271
0.00994420
0.00928020
0.00919104
0.01082659
0.01198077
0.01022840
0.01012135
0.01046371
0.00925875
0.00930762
0.01010251
0.00981045
0.00816512
0.00911236
0.00920224
0.01053810
0.01038194
0.01138973
0.01242900
0.01140308
0.00955033
0.00954533
0.00967360
0.00973940
0.01293206
0.00949907
0.00966167
0.00905466
0.00992560
0.01014829
0.00949478
0.00897789
0.01072574
0.01122761
0.01006031
0.00960565
0.00809193
0.00956869
0.00936007
0.01070786
0.01091790
0.01016021
0.00958753
0.01002979
0.00803089
0.00940728
0.00958538
0.00988483
0.01024580
0.01057911
0.01043558
0.00927806
0.01039553
0.00946784
0.00981069
0.01148844
0.00844932
0.00988436
0.00944686
0.00977182
0.00976753
0.01013899
0.00967407
0.00991940
0.00826883
0.00961995
0.00924373
0.01187968
0.00860572
0.01057363
0.00971556
0.00873041
0.00953245
0.00893235
0.01071787
0.00998139
0.00982237
0.00997448
0.00900483
0.01007938
0.01061368
0.00901484
0.00870657
0.00977612
0.00899673
