0.00687027
0.01047826
0.01176786
0.00884819
0.01165581
0.01065230
0.01128006
0.01126027
0.00901151
0.00887537
0.00919247
0.00999880
0.00969410
0.00893307
0.00898361
0.00976944
0.01244640
0.00927901
0.01049352
0.00906587
0.01020837
0.01186013
0.01064992
0.00953650
0.01067591
0.00931931
0.01053214
0.01033473
0.00922918
0.00994039
0.00842285
0.01151347
0.01014400
0.00952816
0.01095986
0.00978374
0.01085901
0.00963736
0.01000738
0.01141810
0.01128912
0.01031804
0.01081252
0.01165771
0.00959992
0.01250482
0.01184511
0.01005864
0.01177430
0.01028442
0.01069808
0.01094913
0.01166749
0.00989413
0.00989175
0.00959563
0.00917339
0.00941563
0.01115084
0.00957417
0.00981379
0.00996256
0.00963116
0.00974083
0.01034951
0.01005435
0.01264977
0.01089764
0.00880241
0.01119566
0.01042628
0.01155233
0.00981569
0.01249218
0.00984788
0.00922370
0.01044369
0.01106668
0.00929022
0.00964117
0.01102972
0.00959754
0.01064038
0.01024747
0.01074147
0.00976944
0.00974870
0.00999737
0.00920892
0.01078629
0.01208472
0.01050043
0.01119065
0.01060247
0.01251411
0.01033950
0.01205611
0.00975752
0.01014566
0.00933838
0.00974989
0.00858140
0.01107812
0.01000333
0.01125026
0.01094818
0.00991392
0.00961518
0.01175261
0.00934577
0.01229167
0.01023746
0.00898242
0.01223183
0.01024723
0.00897264
0.01245070
0.01090884
0.00989079
0.00897789
0.01284766
0.01149511
0.01278877
0.01102471
0.00939751
0.01012349
0.00959396
0.00893998
0.01025844
0.00959206
0.01043653
0.01045465
0.00963569
0.00989556
0.01064920
0.00845551
0.00848889
0.01008654
0.00921082
0.00994182
0.00966787
0.01149035
0.00988126
0.00962496
0.00973916
0.01029134
0.01237512
0.01051426
0.01154590
0.01103640
0.01085091
0.00951767
0.00975132
0.01176858
0.00994468
0.01224589
0.01065993
0.01160622
0.01060104
0.00868917
0.01138163
0.01035190
0.00899673
0.01061368
0.01113272
0.00849748
0.01105809
0.01008868
0.00857711
0.01279783
0.01135206
0.01091862
0.00929642
0.01010799
0.00875306
0.00986981
0.00954294
0.00903344
0.01073694
0.01025343
0.01010680
0.01368904
0.00997448
0.00968838
0.01004839
0.00926733
0.01053882
0.00968242
0.01119947
0.01073766
0.00978708
0.01112986
0.01029563
0.00996852
0.01076770
0.00913191
0.01080990
0.00985837
0.01027274
0.01186514
0.00846124
0.01011682
0.01162267
0.01114607
0.01163960
0.01145482
0.00996995
0.01051736
0.01108694
0.01045418
0.01307774
0.01187921
0.01020360
0.01074171
0.01177168
0.01010728
0.00968814
0.00990176
0.01061845
0.00975657
0.00918388
0.00937676
0.00995660
0.01088381
0.01118159
0.00881267
0.00951219
0.01042938
0.01000547
0.00873327
0.00999379
0.00910163
0.01183176
0.00947666
0.01188827
0.01065969
0.00917721
0.01164961
0.01006031
0.01497960
0.01131845
0.01073146
0.01064062
0.01156187
0.01075053
0.00996661
0.01002717
0.01004720
0.00892949
0.01057172
0.01120257
0.01177573
0.01064587
0.00848556
0.01079178
0.01092100
0.01092696
0.01141024
0.01084447
0.01086736
0.01092029
0.01077962
0.01002336
0.01109576
0.01397181
0.01144624
0.01147270
0.01040483
0.01297855
0.01221347
0.01042652
0.01211905
0.01036358
0.01057005
0.00943398
0.00960803
0.01125479
0.00935078
0.01049018
0.00915265
0.00890779
0.01114297
0.01051068
0.00942183
0.00957727
0.00958633
0.01037836
0.00944281
0.01165152
0.01018453
0.00936174
0.00921559
0.00920987
0.01118636
0.00999737
0.00950527
0.00973725
0.01036620
0.00923467
0.01189065
0.01091671
0.01023650
0.00976801
0.00921297
0.01151133
0.01020432
0.00848627
0.01164818
0.00997853
0.01206064
0.00983858
0.01069140
0.00980473
0.01193857
0.01114464
0.00998044
0.01035404
0.01254082
0.01228857
0.00978374
0.00951242
0.01060200
0.00958109
0.00962424
0.00954318
0.01145458
0.01251984
0.01223493
0.01220369
0.01182342
0.01242375
0.00977564
0.00998521
0.01031184
0.01109290
0.00941277
0.01107121
0.01226282
0.00975299
0.01008224
0.01061034
0.00965357
0.01076150
0.01000309
0.01047134
0.01078153
0.01053262
0.00990343
0.00980067
0.01050806
0.01000786
0.00955272
0.00997877
0.00976706
0.01042008
0.01232862
0.00988245
0.01039243
0.00977778
0.01270866
0.00931883
0.01081514
0.01063681
0.01132917
0.01137662
0.00984383
0.00954938
0.00954080
0.01009774
0.01080823
0.00981927
0.00983381
0.00904894
0.01083827
0.01095915
0.01024723
0.00964212
0.01055193
0.00957179
0.00945687
0.01080656
0.01064587
0.01089168
0.01074529
0.01050925
0.01050377
0.00971556
0.00996733
0.01008105
0.00990272
0.00949502
0.00854158
0.01309800
0.00992608
0.01029158
0.01029420
0.00943470
0.00911570
0.01045513
0.00979757
0.01109290
0.00974441
0.01047969
0.00994539
0.00952244
0.01094937
0.01002121
0.01072598
0.00938797
0.01045418
0.01148772
0.01031590
0.01026678
0.00904155
0.01061106
0.01129055
0.01102090
0.01014328
0.01059747
0.01001716
0.01024342
0.00954938
0.00946784
0.01074052
0.00880051
0.01026058
0.01021171
0.00947642
0.01094699
0.00981045
0.01042676
0.01091027
0.01092362
0.00986624
0.01092434
0.00964546
0.00887370
0.01012802
0.00978541
0.01206899
0.00950933
0.00929403
0.00972271
0.01003242
0.00975370
0.01083279
0.00947428
0.00993848
0.00881314
0.00953150
0.00923657
0.01071143
0.00970101
0.00929165
0.01080894
0.01077390
0.00895452
0.00883079
0.01037502
0.01046944
0.01244855
0.01093221
0.01053023
0.01284480
0.01154208
0.00937033
0.01020050
0.01080012
0.01035929
0.01465273
0.01004028
0.00968313
0.01149130
0.00998497
0.01139808
0.00966191
0.01033878
0.01043797
0.00857735
0.00914502
0.00936627
0.01035547
0.00937247
0.01021481
0.00939727
0.00883937
0.00914550
0.01117039
0.00859356
0.00998878
0.00941896
0.00949025
0.00847363
0.00974798
0.00920224
0.00909972
0.01048231
0.00810814
0.01006079
0.00900483
0.01110220
0.00990629
0.00952220
0.00994372
0.00916266
0.00902820
0.01002789
0.01039004
0.00901937
0.00890398
0.00893855
0.00924134
0.01078868
0.01060748
0.00905180
0.00888228
0.00945807
0.00997972
0.00834036
0.00973344
0.00935459
0.00942731
0.00896978
0.00970364
0.00885177
0.00972819
0.01099825
0.00926948
0.00976253
0.00976181
0.00946975
0.00935078
0.00951147
0.01081061
0.00905824
0.00950933
0.00997019
0.00819755
0.00870156
0.00993586
0.00933480
0.01162672
0.01018333
0.01033211
0.01089048
0.00924826
0.00937319
0.00956059
0.00912094
0.00927544
0.01084852
0.01017666
0.00954199
0.00882864
0.00877261
0.00897574
0.00979662
0.00955629
0.00979590
0.00951385
0.00971031
0.01038074
0.00866628
0.00881791
0.00914621
0.00881743
0.00825667
0.00989461
0.01056266
0.00880980
0.01108170
0.01061034
0.00977111
0.00857496
0.00898385
0.00865841
0.01080298
0.00992393
0.01023245
0.00886869
0.00887609
0.00953388
0.00908303
0.01137519
0.00894594
0.00960898
0.00847149
0.00973868
0.00916529
0.01027250
0.01031208
0.00926566
0.01028299
0.00927186
0.00953341
0.00962400
0.01001501
0.00996161
0.00994515
0.00957155
0.00960469
0.00924325
0.00963807
0.01101398
0.00973439
0.00922585
0.01042700
0.00900054
0.00880957
0.00928307
0.01017427
0.00893259
0.00972128
0.01052618
0.01013207
0.00998020
0.00926256
0.00883102
0.00894308
0.00906634
0.00938630
0.00977850
0.00966454
0.00925398
0.00922894
0.00823331
0.00884748
0.00921917
0.01075673
0.00904822
0.00945449
0.00968504
0.00896454
0.01027226
0.00843024
0.01019216
0.00806141
0.00985169
0.01055884
0.00924301
0.01047730
0.00969553
0.00957537
0.00946426
0.00949788
0.00938821
0.01049662
0.00915504
0.00953126
0.00978231
0.00854421
0.00984001
0.01067638
0.01071620
0.00999737
0.00975895
0.01014566
0.01111579
0.01152301
0.00986242
0.00946283
0.00895548
0.00888443
0.00912595
0.00949264
0.01024365
0.00893545
0.00947714
0.00940084
0.00882316
0.00947380
0.00941992
0.00865960
0.00958824
0.00844550
0.00952005
0.01161695
0.01045513
0.01009440
0.00906110
0.00884008
0.00984359
0.00903821
0.00994539
0.00957918
0.00860906
0.00975513
0.00857067
0.00961304
0.00950527
0.01104498
0.01047134
0.00885558
0.00904775
0.00965905
0.01057482
0.01091099
0.00964928
0.01003337
0.01084709
0.01002049
0.00947237
0.00855184
0.01030183
0.01227140
0.01105285
0.00950789
0.00836468
0.01135254
0.00891614
0.00901413
0.00911880
0.01002073
0.00952983
0.00947070
0.00965691
0.01067638
0.00945425
0.00928736
0.00951123
0.00855756
0.01086688
0.01061010
0.00860596
0.00914693
0.00872660
0.01003432
0.01010847
0.01024437
0.01038504
0.00961423
0.01087594
0.01021743
0.00882697
0.00995564
0.01009440
0.00974798
0.00928307
0.00964427
0.00968695
0.00935984
0.00993538
0.00968266
0.00932288
0.00860715
0.00978661
0.00856614
0.00832820
0.00913787
0.01087379
0.00888133
0.01051569
0.00881720
0.00899434
0.00931954
0.00923133
0.01009917
0.00961018
0.01034737
0.00899911
0.00927901
0.00908494
0.01120090
0.01018786
0.00976539
0.01059222
0.00946546
0.00958300
0.00999880
0.01072907
0.00962472
0.01024461
0.00920725
0.00998473
0.00925136
0.00953174
0.01047492
0.00901794
0.00879169
0.00918388
0.01024795
0.00958657
0.00918627
0.01029491
0.00905848
0.00978589
0.00943995
0.01025295
0.01055741
0.00929046
0.01116371
0.00956869
0.01070428
0.00968933
0.01081324
0.01021385
0.00964856
0.00929213
0.01073456
0.01141405
0.00957942
0.01040983
0.01051378
0.00990057
0.01032114
0.01012516
0.00888062
0.01165414
0.01096439
0.00926113
0.01005650
0.00940943
0.00932717
0.01059556
0.01112819
0.01275158
0.01058602
0.01084471
0.00966525
0.01049185
0.00909901
0.01038718
0.01101661
0.01001620
0.01074362
0.00877833
0.01035500
0.00885963
0.01042747
0.00938296
0.00933409
0.00945902
0.00937605
0.01073742
0.01311326
0.00903296
0.00989008
0.00996614
0.01036167
0.01127672
0.00939226
0.01134133
0.01196074
0.01153255
0.01078606
0.01103425
0.01055264
0.01132131
0.00983763
0.00988674
0.01060939
0.00936556
0.01056147
0.01023698
0.00898576
0.00983739
0.01126456
0.00922060
0.01028585
0.00955796
0.00885844
0.00989890
0.00968122
0.01045108
0.01024461
0.00960493
0.00931406
0.01016521
0.00924420
0.01268458
0.01059389
0.01145172
0.01175356
0.01101565
0.00986528
0.01073813
0.01118183
0.01025343
0.01124096
0.00978875
0.00927091
0.01509285
0.00951862
0.00970149
0.01050353
0.01216984
0.01147389
0.01144576
0.01078701
0.01065063
0.01099420
0.01163530
0.01006675
0.00956488
0.00983906
0.00896811
0.00955272
0.01076746
0.01007462
0.01106310
0.00990248
0.01026988
0.01012635
0.01009774
0.01010036
0.00904727
0.01092339
0.01144385
0.01307845
0.01051211
0.01074409
0.01117373
0.00952673
0.00993037
0.01009870
0.00997519
0.00882792
0.01023602
0.00962353
0.00945163
0.01006985
0.00981927
0.01050138
0.00970197
0.00935125
0.00880694
0.01082492
0.00946379
0.01012015
0.01027608
0.01037765
0.01116204
0.01029491
0.00967050
0.01029897
0.00928307
0.00931907
0.00960135
0.00914454
0.01009274
0.01042914
0.01049519
0.01040959
0.00923252
0.01019359
0.01053476
0.01055670
0.00931406
0.01006007
0.01249909
0.01127124
0.01140308
0.01058197
0.00936365
0.00964046
0.00907803
0.00953031
0.01069188
0.00879884
0.00874829
0.00907254
0.00832677
0.00905633
0.00933838
0.01041508
0.01028466
0.00919485
0.01206064
0.01174784
0.01102638
0.01039672
0.01125526
0.00976086
0.00995374
0.01049662
0.01041055
0.01005793
0.00978136
0.00946450
0.01134086
0.01240778
0.01058483
0.00997233
0.01077962
0.01156354
0.01084590
0.01154423
0.01077271
0.01065946
0.01074767
0.01034856
0.01125193
0.01317310
0.01741600
0.01109219
0.01334882
0.01085305
0.02636051
0.03253961
0.05078769
0.01051331
0.01097560
0.00970149
0.01136470
0.01103950
0.00959086
0.01597452
0.01048493
0.01068640
0.01162386
0.01056004
0.01019359
0.01079512
0.00915599
0.01060486
0.01153779
0.01173019
0.00974059
0.01015902
0.00961399
0.00860858
0.01042342
0.00935364
0.01016974
0.01160789
0.01112556
0.01073861
0.00993943
0.00985622
0.00931334
0.00907564
0.00993919
0.01038432
0.01048398
0.00895119
0.00960755
0.00986338
0.01092362
0.01021552
0.01128173
0.01018620
0.00909948
0.01099324
0.01173806
0.01143146
0.01088452
0.00988102
0.00956321
0.00972009
0.01038742
0.01056814
0.00933719
0.00974703
0.00976133
0.01018167
0.00981379
0.00917339
0.00913572
0.01094651
0.01154876
0.00891995
0.01108575
0.01063800
0.01010394
0.01041913
0.00990796
0.00918818
0.01060033
0.01006651
0.00989676
0.01079869
0.00986505
0.01017714
0.01020050
0.01040411
0.00818539
0.01133466
0.01044655
0.00976682
0.00899887
0.00834441
0.00842500
0.01095319
0.00943899
0.01083446
0.01004601
0.00884342
0.01030159
0.01112103
0.01176548
0.01001811
0.01025271
0.01073265
0.01183009
0.01170301
0.01120543
0.01053834
0.00924778
0.00952220
0.00937676
0.00956321
0.01058674
0.00877142
0.01037312
0.00967789
0.00871515
0.00927496
0.01200485
0.01049638
0.01095390
0.00815392
0.00955629
0.01018381
0.01057243
0.01297784
0.00957441
0.00955796
0.01008487
0.01082659
0.01119781
0.01093721
0.01100183
0.00906396
0.01110744
0.01076174
0.01145315
0.01097560
0.01008487
0.00946975
0.00985503
0.00972509
0.00975156
0.01114416
0.01079583
0.00926828
0.01065731
0.01133704
0.00877357
0.00903249
0.01096559
0.00994086
0.01191211
0.00940967
0.01010537
0.01058722
