0.00225019
0.00976992
0.00901842
0.00802398
0.00927711
0.01204228
0.00899339
0.00943232
0.00989103
0.00901484
0.00867748
0.01016617
0.00883913
0.00904584
0.00856733
0.00957322
0.00966072
0.00977373
0.00890326
0.00829983
0.00929141
0.00909233
0.00954270
0.01039028
0.00863457
0.00966549
0.00929427
0.00960708
0.00829411
0.01042986
0.00822043
0.01057291
0.00807214
0.00994372
0.00781345
0.01008773
0.00785923
0.01015043
0.00926161
0.01019311
0.00847983
0.00997758
0.00865269
0.01005173
0.00790048
0.00991178
0.00814486
0.00950193
0.00844193
0.00872612
0.00982428
0.01087737
0.00895834
0.01025558
0.00982380
0.01056671
0.00993299
0.01021838
0.00958467
0.00983858
0.00806260
0.00933766
0.00845218
0.00912523
0.00863743
0.00807238
0.00840688
0.01162362
0.01026535
0.00949240
0.00871873
0.00922513
0.00872183
0.01045322
0.01008248
0.00888848
0.00950050
0.00998807
0.01008558
0.01066613
0.01021242
0.00960588
0.01077986
0.01075339
0.00993323
0.00923681
0.01019001
0.01028204
0.00963235
0.00806475
0.00953388
0.00791812
0.00859690
0.00976658
0.01006055
0.00835443
0.00994587
0.00782442
0.01002479
0.00779128
0.00986123
0.00791693
0.01075625
0.00975871
0.01098824
0.01004267
0.00963616
0.00960541
0.00937152
0.00912929
0.00943017
0.01060081
0.01078677
0.01081324
0.01048779
0.00810742
0.00909734
0.00793672
0.00979137
0.00968361
0.00944257
0.00943470
0.00983691
0.00967789
0.00932312
0.00960422
0.00983906
0.00990653
0.00938869
0.00931478
0.00938702
0.00964975
0.00966835
0.01089931
0.01094484
0.01089787
0.00862885
0.01001573
0.00842261
0.00887227
0.00971031
0.00805449
0.00790024
0.00955033
0.01013994
0.00955868
0.00940442
0.00879860
0.01097941
0.00887895
0.01001334
0.00897694
0.01108146
0.00866175
0.01126933
0.00926256
0.01016045
0.00941133
0.01208591
0.01074934
0.00780249
0.00964499
0.00808716
0.00969124
0.00828481
0.01036859
0.00829601
0.00994015
0.00810385
0.00964785
0.00835323
0.00986362
0.00802970
0.00926614
0.00833225
0.00973248
0.00811887
0.01001382
0.00776362
0.01007247
0.00881410
0.00974536
0.00855827
0.00982857
0.00869322
0.00960374
0.00881147
0.01007175
0.00869727
0.00815439
0.00968242
0.00818443
0.01006579
0.00870728
0.00858808
0.00877690
0.00914860
0.00922537
0.00959659
0.00859857
0.00966620
0.00805807
0.00956249
0.00854969
0.00986862
0.00902486
0.00887537
0.00830245
0.00973034
0.00813341
0.00798655
0.00891662
0.00841451
0.00895953
0.00788403
0.00869918
0.00984693
0.01097608
0.01004338
0.00901890
0.01053429
0.01035762
0.01038814
0.01043940
0.01014352
0.01039696
0.01052999
0.01013756
0.00979161
0.01071954
0.01012158
0.00941348
0.01043725
0.01029897
0.00997281
0.01172900
0.01065683
0.01030779
0.00961041
0.01043391
0.01023793
0.00935817
0.01127744
0.00881219
0.00921249
0.00941634
0.01232386
0.01065421
0.01118612
0.01096487
0.00967383
0.01111650
0.00858593
0.01067281
0.00778508
0.00848985
0.00857329
0.00923061
0.01065111
0.00844812
0.01036429
0.00867796
0.01013279
0.00828505
0.00994968
0.00790453
0.00941515
0.00994420
0.01024342
0.00855303
0.00856614
0.00885725
0.00886846
0.01010346
0.01095533
0.00954175
0.01077938
0.00966787
0.01079702
0.01017356
0.01115727
0.01059842
0.01074600
0.01097918
0.01030731
0.00941348
0.01157141
0.01025605
0.01097894
0.01107192
0.00999045
0.01035595
0.00989461
0.00943875
0.01160955
0.01100850
0.00950694
0.01092696
0.01020193
0.01006389
0.01052618
0.01159501
0.01035166
0.01046252
0.01000166
0.00963068
0.00997043
0.00952888
0.00984025
0.00957394
0.01073813
0.01013994
0.00977731
0.01033068
0.01089120
0.01014853
0.00889349
0.00927782
0.00813913
0.00939274
0.00814438
0.01063848
0.00788593
0.00950646
0.00842834
0.01047683
0.00794959
0.00826764
0.01028252
0.00848961
0.00852609
0.01035714
0.00948787
0.00892687
0.00949478
0.00899363
0.00912166
0.00893760
0.00766206
0.00852704
0.00889134
0.00865293
0.01098251
0.01049924
0.01002336
0.01004553
0.01066303
0.00986981
0.00886250
0.00919580
0.01027417
0.01014638
0.01097941
0.01008964
0.00949860
0.01144457
0.01045370
0.00949812
0.01136041
0.01036572
0.00948405
0.01176405
0.01146841
0.00978923
0.01098013
0.01058412
0.01064062
0.01000261
0.00802803
0.00877643
0.00925446
0.00945425
0.01016712
0.01216197
0.00819421
0.00858617
0.00886297
0.01097441
0.00851631
0.00877976
0.00954342
0.00929260
0.00899339
0.00859714
0.01062632
0.01132774
0.01011586
0.01105237
0.01045251
0.01114678
0.00959778
0.01043630
0.00939822
0.01126742
0.00968432
0.01027894
0.00782943
0.00867558
0.00780702
0.00906372
0.00872207
0.00912690
0.00807691
0.00983286
0.00834990
0.01058459
0.00848866
0.00905347
0.00842929
0.00979185
0.00844145
0.00826550
0.00790286
0.00885463
0.01080847
0.01133156
0.00920916
0.00814414
0.00812864
0.00852895
0.00779796
0.01029921
0.00977278
0.01041222
0.00908232
0.00851178
0.00764251
0.00973296
0.00909543
0.00950646
0.00857306
0.01047659
0.01047683
0.00967860
0.01023102
0.00952625
0.01042891
0.01058388
0.01008153
0.00946188
0.01134539
0.01022148
0.01080441
0.00952792
0.00900245
0.00911045
0.00860167
0.00978255
0.00967526
0.00875568
0.01236224
0.01040077
0.00898957
0.00819755
0.00768566
0.01131105
0.01063919
0.01092720
0.00809908
0.00996947
0.00846076
0.00790787
0.01008534
0.01021433
0.00775027
0.01002502
0.00869250
0.00877714
0.00823331
0.00799394
0.00838065
0.00858760
0.00897622
0.00882363
0.00859380
0.00940347
0.01092219
0.00796962
0.00874329
0.00858140
0.00872326
0.00917220
0.01033831
0.00896311
0.00997019
0.00833750
0.00834107
0.00921631
0.00785947
0.00981450
0.00804973
0.00849223
0.00995183
0.01170206
0.00992465
0.00993896
0.00866771
0.01026845
0.00819373
0.00872827
0.00891089
0.00899267
0.00778961
0.01006651
0.00938892
0.00911307
0.00938773
0.00871754
0.00797653
0.00900221
0.00841403
0.00921392
0.00850463
0.00822759
0.00919175
0.00816393
0.01031184
0.01025844
0.01024437
0.00829744
0.00850296
0.00912714
0.00808573
0.00783849
0.01100039
0.00792217
0.00869179
0.00844574
0.01129889
0.00996637
0.00842690
0.00909638
0.00990844
0.01020765
0.00867867
0.01042056
0.00916553
0.01040030
0.00919342
0.01090002
0.00865102
0.01072001
0.00992894
0.01080704
0.00952458
0.01088262
0.01017833
0.01043892
0.01094413
0.01056504
0.00879598
0.00979924
0.00946879
0.00963926
0.00951648
0.01044536
0.01137233
0.00966144
0.01141763
0.00975990
0.00959063
0.01008821
0.01022363
0.01007438
0.00970411
0.00965571
0.00795650
0.00989962
0.00890946
0.01070356
0.00989389
0.01112556
0.00999165
0.01034045
0.00801039
0.00776935
0.00964332
0.00792193
0.00801253
0.01050162
0.01054144
0.00935864
0.00987148
0.00953555
0.01103616
0.01009536
0.00963998
0.00962281
0.01062083
0.01052833
0.01058722
0.00966001
0.01004934
0.00810409
0.00975680
0.00797558
0.00979733
0.00985718
0.01048231
0.00956345
0.01117539
0.01057625
0.01083326
0.01059151
0.01018715
0.00967264
0.01155424
0.01070857
0.00932288
0.00907874
0.00922561
0.00906253
0.01051068
0.01104450
0.00962210
0.01081872
0.01016951
0.01061320
0.00988841
0.01117563
0.00960326
0.00895762
0.01064515
0.01034904
0.01076531
0.01066685
0.00911117
0.01023293
0.00962305
0.01040649
0.00960374
0.00927639
0.00939441
0.01166773
0.00898409
0.00905919
0.00981927
0.00903177
0.00927901
0.00891614
0.00921106
0.00887108
0.00962639
0.00958824
0.00968409
0.00924134
0.00918269
0.00934410
0.00972080
0.00926208
0.00952101
0.00915432
0.00956893
0.00947666
0.01010132
0.01004672
0.01138473
0.00985980
0.01068521
0.01029444
0.01045704
0.00955486
0.01199889
0.01015711
0.01060176
0.01133800
0.01055312
0.00954199
0.01084185
0.00805616
0.01028514
0.00781751
0.00897169
0.00860739
0.00822663
0.00871277
0.00912738
0.00960946
0.00777125
0.00835371
0.00778222
0.00884175
0.00881195
0.01061201
0.01085687
0.00872731
0.01169109
0.00900126
0.01008081
0.00859189
0.00841784
0.00989437
0.00863838
0.00950456
0.00920796
0.00796890
0.00882220
0.00898480
0.00877762
0.00822616
0.00900960
0.00861597
0.00916696
0.00774884
0.00925541
0.00904655
0.00888681
0.01061082
0.01101923
0.00968671
0.01029944
0.00961924
0.01046586
0.00942659
0.01038861
0.00974393
0.01177979
0.01033497
0.01082301
0.00810003
0.00884414
0.00876927
0.00828910
0.00814867
0.00927114
0.00929928
0.00970221
0.01067472
0.00817060
0.01019096
0.00836062
0.00971365
0.00807619
0.01168513
0.01054335
0.01061368
0.00820208
0.00767636
0.00796914
0.00843954
0.00995278
0.01079059
0.00988555
0.01074171
0.00802851
0.00857973
0.00807619
0.00787830
0.00929880
0.00810552
0.00835347
0.00956416
0.00849986
0.00850439
0.00897741
0.00951290
0.00809431
0.00826073
0.00788498
0.00833511
0.00770044
0.00816178
0.01113224
0.01111460
0.01010513
0.00943112
0.00778270
0.00773668
0.00805378
0.00900412
0.00920987
0.00817156
0.00908113
0.01039958
0.00833726
0.00871754
0.00809550
0.00844979
0.00903177
0.00801587
0.01082349
0.00800109
0.00753069
0.00827050
0.00861788
0.00914073
0.00874281
0.00820160
0.01097918
0.01181555
0.01021028
0.00901294
0.01021171
0.00936890
0.01021481
0.01023746
0.01035428
0.01036072
0.01107955
0.01041985
0.00893497
0.01190543
0.00988889
0.00912619
0.00914192
0.00841236
0.00944281
0.00884104
0.00957727
0.00812578
0.00877261
0.00915265
