0.00272250
0.00984764
0.01117206
0.00909090
0.00918722
0.00954080
0.01043367
0.00856638
0.00963855
0.01045823
0.00854468
0.01113343
0.00931454
0.01095438
0.00959849
0.00951338
0.01011181
0.00883579
0.01040316
0.01054406
0.01155829
0.01089716
0.00925231
0.00909948
0.01078868
0.00896049
0.01037693
0.00983047
0.00924158
0.00981379
0.01013136
0.01012278
0.00879741
0.00897980
0.00875521
0.01011181
0.01082826
0.01250458
0.01023054
0.00859261
0.00965834
0.00935626
0.01038671
0.00941157
0.00867367
0.01120734
0.01079869
0.00896621
0.00817776
0.00934529
0.01042891
0.01130652
0.00961685
0.00948620
0.00903893
0.00962281
0.01255965
0.00959849
0.00916123
0.00996923
0.00900006
0.00882339
0.00898933
0.00906634
0.00865459
0.00845146
0.00978136
0.00855684
0.00810003
0.00894094
0.00941634
0.00868750
0.00997615
0.01096869
0.00903606
0.00951576
0.00925732
0.01196766
0.01032495
0.00962639
0.00993776
0.00993943
0.01040101
0.01016140
0.00965047
0.00911331
0.00907850
0.00991106
0.01105690
0.00971675
0.00998759
0.01043367
0.01083660
0.01076818
0.00977659
0.01046729
0.00931001
0.01051259
0.01125646
0.00931883
0.01115680
0.01036596
0.00981879
0.00963426
0.00978518
0.00969934
0.00971079
0.01055741
0.00882220
0.00920367
0.00929379
0.00931978
0.01002622
0.01021051
0.00954485
0.01081991
0.00988936
0.01019073
0.01037669
0.01019239
0.00956464
0.01012158
0.00939345
0.00808048
0.00823188
0.01003742
0.01044941
0.00844049
0.00979900
0.01066351
0.01069713
0.01039243
0.01073861
0.01096702
0.01279402
0.01088095
0.01013207
0.01235628
0.00871468
0.00828767
0.00874305
0.01141715
0.00931883
0.01379156
0.00993800
0.01007080
0.01198554
0.01062512
0.00877333
0.01085567
0.00974178
0.01094079
0.01099753
0.01028943
0.01139998
0.01003671
0.00907826
0.00985980
0.00977564
0.01081038
0.01017904
0.00925851
0.00980449
0.01080799
0.01000929
0.00958300
0.01011562
0.01103091
0.00940275
0.01068783
0.01191664
0.00977850
0.00930309
0.00924778
0.00907040
0.00984097
0.00858331
0.00919747
0.00989604
0.00984907
0.01008487
0.00964952
0.00924659
0.00933981
0.00975204
0.00949645
0.00940728
0.00937843
0.01024961
0.00997543
0.00872445
0.00844073
0.00804591
0.00898123
0.00871420
0.00908089
0.00850511
0.01075578
0.00989389
0.01123738
0.00998068
0.00982451
0.01056027
0.01062536
0.01079226
0.00844979
0.01159573
0.00983310
0.00892782
0.01086259
0.00928736
0.00887251
0.01108217
0.01033258
0.00980425
0.01109600
0.01016498
0.00872684
0.01014185
0.00961828
0.01117635
0.01105404
0.00912952
0.01013994
0.01072168
0.01048636
0.00912142
0.00902343
0.00925064
0.00894952
0.00943947
0.00880313
0.00902796
0.00917411
0.01067257
0.00960088
0.01013827
0.00969982
0.01016164
0.01042891
0.00938869
0.00936007
0.00995922
0.01099110
0.01039147
0.01096535
0.01029730
0.00972199
0.00956821
0.00993013
0.01101065
0.00972295
0.01029491
0.01114535
0.01090932
0.00962687
0.01162958
0.01100445
0.00945044
0.01019979
0.01055884
0.00836277
0.00947332
0.01050854
0.00954342
0.01103854
0.00942492
0.00868130
0.01011705
0.00979328
0.01197839
0.00971699
0.00959802
0.01045060
0.00915861
0.00934625
0.01010513
0.00950885
0.00915790
0.01148605
0.01050949
0.00896740
0.01117778
0.00975108
0.00894856
0.00913882
0.00987506
0.00952649
0.00999236
0.00934625
0.01088452
0.00925207
0.00862503
0.01045966
0.01009870
0.01045704
0.01113153
0.01065159
0.00959730
0.00988674
0.00986648
0.01034236
0.00915718
0.00832891
0.01120186
0.00979567
0.00978017
0.00976849
0.00910401
0.00866580
0.00987768
0.00913358
0.00945759
0.01114607
0.00951743
0.00980401
0.01162887
0.01024795
0.01007700
0.01041126
0.00992656
0.00905943
0.00958395
0.00962543
0.00953889
0.00998998
0.00899887
0.00890923
0.01024604
0.00963712
0.00956869
0.00945163
0.00985265
0.01286077
0.01038146
0.00959945
0.00952959
0.00993800
0.00974488
0.01167560
0.01207137
0.01010108
0.01441765
0.00997996
0.00889802
0.00930190
0.01032066
0.00983572
0.00954509
0.00915337
0.01109719
0.01105022
0.00996184
0.01120973
0.01067972
0.00875950
0.01024628
0.00998569
0.01106930
0.01267743
0.01088452
0.00965381
0.00960302
0.00985909
0.00936174
0.01041126
0.00976539
0.01097512
0.01213264
0.01073599
0.00977826
0.01087809
0.01379824
0.01061893
0.01054049
0.01179767
0.00977802
0.01007104
0.00934219
0.01055670
0.01066732
0.00980377
0.01170325
0.00953722
0.01050043
0.00985265
0.00996804
0.01055217
0.01082015
0.00876451
0.00965834
0.01145720
0.00936341
0.00979161
0.00804353
0.01085806
0.01031137
0.00905132
0.00935054
0.00943375
0.01024365
0.00926304
0.00856161
0.01001978
0.01044607
0.00955653
0.01191044
0.01040959
0.00829363
0.01058841
0.00945067
0.00937033
0.01002812
0.00957847
0.00941372
0.00930786
0.00884914
0.01047277
0.01170468
0.01043749
0.01128125
0.01021171
0.00852990
0.00936961
0.00977111
0.00887704
0.00943661
0.01040006
0.00963044
0.01152182
0.01309800
0.00914526
0.01157904
0.00918293
0.01021481
0.01073146
0.00907183
0.00959039
0.00963664
0.00943780
0.00953794
0.00981641
0.00925994
0.01063704
0.00941443
0.00919652
0.01037812
0.00926304
0.00939131
0.00980186
0.00935483
0.00962782
0.00962424
0.00928593
0.01027250
0.00961590
0.00952125
0.00966907
0.01014566
0.00880241
0.00941515
0.00926065
0.00883842
0.00949240
0.00910997
0.00876570
0.00941181
0.00919843
0.00883245
0.01032186
0.00991368
0.01058817
0.01010323
0.00902319
0.00902748
0.00989032
0.00953078
0.00876999
0.00986505
0.01141167
0.01008129
0.00979590
0.00957227
0.01048446
0.01022005
0.01068354
0.00952983
0.01038265
0.01000595
0.01053882
0.00979042
0.00861239
0.01051831
0.00965524
0.00882506
0.00946236
0.00884581
0.00865388
0.00938201
0.00882697
0.00839329
0.00879574
0.00821543
0.00924730
0.00940776
0.00866795
0.01114225
0.00937986
0.00892282
0.01052308
0.00998354
0.00846601
0.01000619
0.00979877
0.00838685
0.01157689
0.01111555
0.00863028
0.01000786
0.00912905
0.00918150
0.00947213
0.00933528
0.00927472
0.01141977
0.01145267
0.00984263
0.00810599
0.00965190
0.00862837
0.00888872
0.00891805
0.00958562
0.01027441
0.00873017
0.00966167
0.01008654
0.00917029
0.00883150
0.01012874
0.01086998
0.01011777
0.01007009
0.00993395
0.00944114
0.01016808
0.00940657
0.00829959
0.01020002
0.00973511
0.01082063
0.00984907
0.01056385
0.01012444
0.01000834
0.00959039
0.01061249
0.01017594
0.00890517
0.01019073
0.00956297
0.00895047
0.00865936
0.01048923
0.01009727
0.01011038
0.00924826
0.00970769
0.00971293
0.00967789
0.00964046
0.00821590
0.01002288
0.00972891
0.00844431
0.00988841
0.01056266
0.00946569
0.00842047
0.00811672
0.00975561
0.01004553
0.00823641
0.00858068
0.00963926
0.00987577
0.00981855
0.00889635
0.00944066
0.01015520
0.01053834
0.01063085
0.00957227
0.01082683
0.01416302
0.00993848
0.01039505
0.01015878
0.00873542
0.00909185
0.00868440
0.01020908
0.00960779
0.00917363
0.00843406
0.01030564
0.00889993
0.01109004
0.01029205
0.01021123
0.00865746
0.00888300
0.00874877
0.00987434
0.00960898
0.00999355
0.01067138
0.00969529
0.00946546
0.01038146
0.00903678
0.01194000
0.00999188
0.00940442
0.01017356
0.01025772
0.00835347
0.01068640
0.00942135
0.00943470
0.00967860
0.01018047
0.01027369
0.00960326
0.00898194
0.01028633
0.00998950
0.01042676
0.01164842
0.00923991
0.00946236
0.01232600
0.00979114
0.00977659
0.01034164
0.01062703
0.01046157
0.01048803
0.00871515
0.00971580
0.00920439
0.00848413
0.01013541
0.00926852
0.01014423
0.00995636
0.00982738
0.00985360
0.01121902
0.01081681
0.01016521
0.01075387
0.01041484
0.01013684
0.01282859
0.01047778
0.00974464
0.00946236
0.00989294
0.01033854
0.01054668
0.01177478
0.01080728
0.01198745
0.01061082
0.00921631
0.00949693
0.00967884
0.01178861
0.01059842
0.00984597
0.00957465
0.00809932
0.01067019
0.00937009
0.00892425
0.00933146
0.00996161
0.01054001
0.00947952
0.00923491
0.00983906
0.00902414
0.00827408
0.01011825
0.01099181
0.00971437
0.00912881
0.01036072
0.01200938
0.00961947
0.01000118
0.01044703
0.01591253
0.00987172
0.01168847
0.00995898
0.00870514
0.00839949
0.00877094
0.01214004
0.01124191
0.01183653
0.01010561
0.01177740
0.00931525
0.01008916
0.01008058
0.00989890
0.01321721
0.01074696
0.01163673
0.01229453
0.00999618
0.00990462
0.00886941
0.00994587
0.01207066
0.00956678
0.01028872
0.00951266
0.00988460
0.00976086
0.00848603
0.00993609
0.01004052
0.01056027
0.00879097
0.00877547
0.00955009
0.00985956
0.01003838
0.00787735
0.00890565
0.01172256
0.00845909
0.00830269
0.00954413
0.00948954
0.00985050
0.00970984
0.00953412
0.01035452
0.00852060
0.00986671
0.01003695
0.00892711
0.00934482
0.00905085
0.00833654
0.00877810
0.01039147
0.00942135
0.00895667
0.00886941
0.00873685
0.00941849
0.00931811
0.00847006
0.00939059
0.01253986
0.00840735
0.00938439
0.00975442
0.01060295
0.00995469
0.01024342
0.00975347
0.01058793
0.00921535
0.01008534
0.00930953
0.00997043
0.00992775
0.00914145
0.00840044
0.00978470
0.01155925
0.01038194
0.01022625
0.00940132
0.01067114
0.00916624
0.00944901
0.00883389
0.01180363
0.01090503
0.01118302
0.00920129
0.01056933
0.00861096
0.00985289
0.00965548
0.00933075
0.01090121
0.01042914
0.00904059
0.00822473
0.01100755
0.00916600
0.00901461
0.01031137
0.01163602
0.00991511
0.01014805
0.00955272
0.00814867
0.00907326
0.00998783
0.00987244
0.01020885
0.00965881
0.01026845
0.00960660
0.00962472
0.01112866
0.01007771
0.00870228
0.01033354
0.01125479
0.00963926
0.01218653
0.00967193
0.00826836
0.01099873
0.00981259
0.00867701
0.00870538
0.00904202
0.00994015
0.00832963
0.01004815
0.00880742
0.00977540
0.01143694
0.00934100
0.00863075
0.00965762
0.00968409
0.01041508
0.00961971
0.00993037
0.01092339
0.01063275
0.00982308
0.01047873
0.01015067
0.00942779
0.00902081
0.01005721
0.00967956
0.01035237
0.00948191
0.01056099
0.01051998
0.01150322
0.00992537
0.01028991
0.01085639
0.00996256
0.00970578
0.01097870
0.00918531
0.00834775
0.01073122
0.00965714
0.00938034
0.01052165
0.00930572
0.01039481
0.01114726
0.01171565
0.00976968
0.01275706
0.00984001
0.00810218
0.00878310
0.00817227
0.01092982
0.00985742
0.00874376
0.00974464
