0.00272775
0.00864625
0.01115108
0.00768065
0.00827646
0.00937819
0.01010466
0.00954294
0.00818396
0.00858045
0.01005387
0.01067638
0.00958967
0.01066661
0.00946236
0.00982738
0.00912714
0.00782418
0.00919747
0.00853729
0.00854778
0.00847888
0.00779152
0.00890112
0.00977683
0.00838208
0.00896692
0.00976276
0.00804234
0.00941563
0.00766468
0.00769687
0.00875425
0.00802112
0.00853109
0.00902438
0.00833178
0.01020145
0.00807524
0.00905323
0.00861144
0.00852442
0.00819874
0.01082635
0.00968647
0.00958133
0.01012397
0.00866914
0.00917888
0.00873971
0.00857329
0.00875854
0.00901961
0.00833726
0.00976396
0.00978780
0.00891209
0.00829577
0.00801349
0.00837731
0.00781059
0.00795007
0.00896287
0.00852537
0.00906730
0.00895953
0.00839210
0.00926971
0.00862384
0.00974274
0.00911212
0.00771666
0.00939560
0.01056099
0.01096320
0.00948453
0.01031017
0.00943542
0.00922179
0.01085234
0.01106501
0.01151848
0.01026249
0.00992775
0.00941658
0.00844908
0.00887465
0.00909042
0.00860643
0.00909901
0.00936913
0.00904036
0.01042223
0.01011872
0.01027393
0.00927782
0.00935960
0.00962234
0.00979972
0.01066494
0.00817227
0.00789595
0.00782967
0.00883627
0.00810075
0.00796843
0.01016450
0.01162815
0.00943613
0.00914240
0.00783682
0.00884843
0.00891280
0.00819635
0.00908327
0.00882506
0.00820827
0.00923014
0.00907445
0.00845575
0.00820351
0.00844741
0.00784159
0.00868034
0.00837684
0.00782061
0.00797820
0.00789285
0.00818849
0.00830030
0.00778079
0.00858712
0.00870681
0.00823903
0.00834775
0.00829983
0.00842476
0.00794530
0.00836921
0.00780582
0.00837111
0.00781655
0.00834203
0.00786948
0.00844336
0.00796795
0.00861382
0.00817490
0.00865793
0.00814819
0.00800753
0.00814891
0.00797725
0.00775385
0.00777364
0.00806761
0.00791550
0.00850224
0.00817752
0.00814009
0.00861287
0.00770831
0.00775528
0.00802732
0.00769067
0.00869179
0.00787258
0.00856638
0.00819778
0.00891733
0.00814867
0.00778317
0.00827694
0.00797391
0.00847983
0.00856447
0.00806952
0.00841379
0.00860023
0.00856304
0.00785780
0.00780654
0.00818467
0.00813484
0.00781751
0.00847936
0.00871587
0.01015854
0.01076818
0.00984454
0.00911379
0.00949407
0.00924444
0.00980926
0.01011539
0.00978518
0.01083875
0.01071501
0.00819182
0.00846291
0.00766826
0.00942945
0.00764441
0.00829411
0.00791097
0.00844836
0.00794244
0.00820136
0.00949764
0.00860929
0.00789809
0.00792456
0.00814462
0.00783086
0.00839233
0.00793576
0.00813437
0.00824928
0.00833178
0.00788641
0.00797296
0.00812936
0.00792551
0.00819850
0.00808597
0.00779057
0.00850439
0.00868130
0.00806379
0.00808287
0.00789261
0.00777864
0.00773501
0.00820541
0.00757718
0.00809860
0.00833416
0.00849819
0.00850034
0.00791764
0.00817776
0.00909519
0.00824237
0.00855517
0.00805807
0.00826120
0.00784111
0.00881696
0.00829983
0.00819683
0.00784016
0.00906730
0.00784206
0.00857139
0.00783038
0.00794840
0.00885367
0.00795937
0.00853777
0.00896168
0.00805259
0.00815892
0.00822759
0.00800276
0.00796723
0.00818992
0.00784564
0.00822663
0.00806332
0.00882530
0.00790358
0.00825715
0.00762343
0.00836849
0.00798082
0.00778604
0.00893474
0.00841498
0.00801706
0.00953722
0.00815010
0.00781751
0.00827575
0.00777674
0.00850654
0.00854135
0.00779009
0.00848818
0.00812006
0.00873280
0.00817347
0.00826859
0.00784874
0.00847960
0.00798225
0.00833797
0.00780153
0.00911570
0.00768876
0.00840378
0.00790858
0.00884271
0.01028705
0.00788379
0.00769138
0.00807858
0.00774407
0.00861263
0.00763226
0.00781083
0.00817370
0.00807571
0.00825405
0.00908828
0.00809717
0.00814557
0.00819182
0.00750089
0.00786519
0.00791740
0.00809312
0.00885439
0.00789642
0.00789833
0.00782633
0.00813675
0.00763607
0.00838447
0.00818276
0.00857735
0.00819087
0.00857139
0.00851703
0.00791693
0.00777602
0.00785685
0.00758505
0.00798059
0.00745726
0.00778913
0.00865817
0.01166940
0.00822067
0.00786567
0.00784588
0.00785136
0.00769019
0.00770736
0.00778890
0.00840712
0.00892735
0.00806785
0.00796127
0.00850034
0.00807977
0.00775647
0.00776315
0.00799823
0.00763965
0.00827217
0.00846815
0.00783730
0.00800824
0.00764537
0.00795770
0.00778365
0.00815272
0.00800443
0.00800896
0.00908852
0.01634145
0.00799394
0.00757599
0.00848770
0.00797367
0.00814199
0.00847745
0.00837564
0.00819635
0.00777388
0.00860763
0.00824189
0.00830603
0.00791287
0.00793719
0.00907445
0.00799704
0.00813985
0.00808334
0.00856423
0.00819993
0.00783682
0.00810099
0.00827742
0.00801849
0.00773382
0.00769114
0.00784302
0.00773954
0.00848198
0.00784421
0.00815129
0.00784373
0.00813890
0.00815344
0.00843024
0.00839019
0.00803065
0.00840712
0.00881004
0.00778794
0.00904894
0.00821328
0.00880218
0.00781918
0.00823593
0.00770116
0.00812888
0.00858545
0.00808191
0.00829911
0.00819540
0.00851130
0.00797176
0.00814438
0.00785303
0.00820255
0.00796366
0.00837994
0.00806236
0.00819397
0.00839758
0.00813341
0.00786829
0.00770521
0.00781727
0.00805330
0.00797868
0.00775552
0.00813317
0.00869179
0.00792456
0.00801063
0.00814342
0.00771761
0.00881267
0.00858331
0.00800538
0.00965667
0.00811839
0.00824618
0.00803900
0.00815582
0.00766277
0.00874138
0.00802159
0.00830030
0.00796413
0.00852823
0.00859618
0.00866389
0.00812697
0.00858045
0.00805473
0.00817585
0.00777960
0.00813556
0.00758100
0.00832224
0.00788641
0.00837564
0.00802922
0.00877762
0.00816417
0.00843191
0.00785065
