0.00669765
0.00959301
0.01044774
0.01040077
0.01024914
0.00860977
0.00954390
0.00907993
0.00990081
0.00908685
0.00917673
0.00948095
0.01027203
0.00933743
0.01020861
0.00909209
0.00931668
0.00882626
0.00892997
0.00954652
0.01491427
0.00861835
0.01022911
0.00961447
0.00939655
0.01028132
0.00975227
0.00984097
0.01015186
0.00871491
0.00988054
0.01032710
0.01095247
0.00860953
0.00879765
0.00975227
0.00963664
0.01009703
0.00908875
0.00954318
0.01025510
0.00884295
0.00985312
0.00871396
0.01005459
0.00923491
0.00900149
0.01043916
0.00924349
0.01008701
0.00929236
0.01005554
0.00982690
0.00959969
0.00997186
0.00915909
0.01037431
0.00961828
0.00922680
0.01037931
0.00937295
0.00929260
0.01008081
0.01018143
0.01036000
0.00860286
0.00940895
0.00968432
0.01028514
0.00954318
0.00936604
0.00951529
0.00906682
0.00987864
0.00957656
0.01073360
0.00931501
0.00985122
0.00908256
0.01024985
0.00995612
0.00876427
0.00880003
0.00890708
0.00918889
0.00981069
0.01040483
0.00845957
0.00976467
0.00957346
0.00855732
0.01038289
0.00910878
0.00918865
0.00867343
0.00919604
0.00950623
0.01150036
0.00886703
0.00906467
0.00973988
0.00993705
0.00885916
0.01171756
0.00902438
0.00888228
0.00945687
0.00918150
0.00964832
0.00999737
0.00977564
0.00895143
0.00883651
0.00886106
0.00976133
0.00905824
0.00944042
0.00949693
0.00896144
0.00983071
0.01014781
0.01018286
0.00970244
0.00936174
0.00944352
0.00838923
0.01054215
0.00952959
0.01013517
0.00901961
0.01129866
0.01055288
0.01091480
0.01060438
0.00986409
0.01056504
0.00954771
0.01011610
0.00968027
0.00974178
0.01054406
0.01029325
0.01094913
0.01135492
0.01080298
0.01143861
0.01100755
0.01105642
0.00993490
0.00935650
0.01140594
0.01102996
0.01040649
0.01291299
0.01029181
0.00962448
0.01125765
0.01037788
0.00963378
0.00988579
0.01174283
0.01021957
0.01079535
0.01140523
0.01129699
0.00899267
0.01315618
0.01080322
0.01108551
0.01071525
0.00997019
0.00990653
0.01085734
0.01232266
0.01073909
0.01035070
0.00959206
0.01032591
0.01159477
0.01277304
0.00906396
0.01068783
0.01067066
0.01125050
0.01109123
0.01025558
0.00911450
0.00956392
0.01047206
0.00935173
0.01050401
0.00973701
0.01127768
0.01219225
0.00961328
0.01028228
0.01050830
0.01164412
0.01010561
0.01035738
0.01338100
0.01292348
0.01114178
0.01080227
0.01010132
0.01012564
0.01201391
0.01093292
0.01037288
0.00968242
0.01109409
0.00961232
0.00935006
0.01059628
0.00946045
0.01010323
0.00957656
0.00992942
0.00876641
0.01122832
0.01074219
0.00997448
0.01160574
0.00899744
0.00966001
0.00910330
0.01034284
0.00975847
0.00979877
0.00962853
0.01268911
0.01184797
0.00953817
0.00849080
0.00964379
0.01059866
0.01203322
0.01025915
0.00938654
0.01170874
0.01117301
0.01124668
0.01015568
0.01012802
0.01153088
0.01105046
0.00985360
0.01108623
0.00943470
0.01048541
0.01049781
0.01158476
0.01041627
0.00922489
0.01001263
0.01032186
0.00912571
0.01154184
0.00976944
0.01097822
0.01198936
0.01039386
0.01067019
0.01015043
0.00959611
0.00918031
0.01231861
0.01143050
0.01088738
0.01156712
0.01088643
0.01012850
0.01188540
0.01112962
0.01134324
0.01148319
0.01128030
0.01036763
0.00906610
0.01029587
0.01289463
0.01096010
0.01050115
0.01028013
0.00983238
0.01070023
0.01221919
0.01245451
0.01014948
0.00945616
0.01125979
0.00975204
0.00969481
0.01038265
0.01071334
0.01176167
0.00931358
0.00978661
0.00914836
0.01020646
0.01088476
0.01223683
0.01133323
0.01285887
0.01059079
0.00871825
0.00878000
0.00991893
0.01110268
0.01077151
0.00891900
0.00914288
0.01008272
0.01146793
0.01154709
0.01150894
0.01072454
0.01207948
0.00933933
0.00978112
0.01034069
0.00990367
0.01162243
0.00923038
0.01043701
0.01107287
0.01183558
0.01074886
0.01092911
0.00973511
0.01171184
0.01052856
0.01011038
0.01117778
0.01234770
0.00993228
0.01090598
0.01233268
0.01274514
0.01066637
0.01046753
0.01154923
0.00938582
0.01059055
0.01030612
0.00932789
0.01137114
0.01274204
0.01288962
0.01161385
0.01091743
0.01111507
0.01248765
0.01169157
0.00953317
0.01145983
0.00997281
0.00995421
0.00965500
0.01075602
0.01226282
0.01021647
0.01074815
0.00989270
0.01061153
0.01038575
0.01018381
0.01117182
0.01149917
0.01097226
0.01078773
0.01120448
0.01080441
0.01160765
0.01057458
0.00997686
0.01050353
0.01003671
0.01006532
0.01068687
0.01041222
0.01173449
0.01121354
0.00869584
0.00970602
0.00865293
0.00899959
0.00986242
0.01046968
0.01059580
0.01112294
0.01181531
0.01029801
0.01203394
0.01056004
0.01216316
0.01241922
0.01208591
0.01237106
0.00966096
0.00920916
0.01127958
0.00847793
0.01101494
0.00887442
0.01114154
0.00883245
0.01145768
0.01271510
0.00898647
0.00958633
0.01138544
0.01135206
0.01080704
0.00983119
0.00926518
0.00915575
0.01012993
0.00966358
0.01020527
0.00942731
0.00922084
0.00897622
0.00911403
0.00970006
0.01130033
0.01065922
0.01087904
0.00982475
0.01252890
0.01101828
0.01009250
0.01026845
0.00959563
0.01161909
0.01119971
0.00883508
0.00953770
0.00904584
0.00993681
0.01040983
0.01046586
0.01216793
0.01070380
0.00911260
0.01294422
0.00959969
0.01075172
0.01002645
0.01304317
0.01049280
0.01041341
0.00959396
0.01001787
0.01092386
0.00938034
0.01087379
0.01064897
0.01091504
0.00944018
0.01114178
0.01051760
0.01103473
0.00975013
0.01048660
0.01045966
0.00958991
0.01000834
0.01042676
0.00887704
0.00923371
0.01058030
0.01074719
0.01020670
0.00951743
0.01102996
0.01093125
0.01024771
0.01132870
0.01055264
0.01081729
0.01096725
0.01037931
0.01056242
0.01286721
0.01118493
0.01094174
0.00978136
0.01078963
0.01054382
0.00995898
0.00994301
0.01018691
0.01285172
0.01173353
0.00948501
0.01133943
0.01248479
0.01208234
0.01391745
0.01122284
0.01253676
0.01125455
0.01002407
0.01329947
0.01037002
0.01048756
0.00877547
0.00901628
0.00962448
0.01021457
0.01170754
0.00852728
0.00977683
0.01035094
0.01114655
0.01037526
0.00951028
0.01181293
0.01154876
0.01172876
0.01009345
0.00907278
0.01018000
0.00915813
0.01413226
0.00924873
0.01052237
0.01094127
0.00969195
0.01105714
0.00956297
0.00915718
0.00950217
0.00850487
0.01057291
0.01108217
0.00943804
0.01117086
0.01004267
0.01079798
0.00951409
0.01115751
0.01039839
0.00919819
0.00864410
0.01115847
0.01194787
0.01045585
0.01025915
0.01191783
0.01181841
0.01010060
0.01030612
0.00985980
0.00897002
0.00992227
0.01045012
0.01055002
0.00944543
0.01048160
0.00896883
0.01154900
0.01113510
0.00979972
0.01075816
0.01141477
0.01094985
0.01090598
0.01069808
0.00977015
0.01148820
0.01135540
0.01187873
0.01249933
0.00980616
0.00916505
0.00864983
0.01296258
0.00943398
0.00974703
0.00958681
0.01002455
0.01077652
0.01008058
0.01060653
0.00957370
0.01136351
0.01080322
0.00942922
0.01057482
0.00932264
0.00942755
0.00992465
0.00946116
0.01086473
0.01123118
0.01141572
0.00965381
0.01000619
0.01025844
0.01062012
0.00889254
0.01107240
0.00970411
0.01087618
0.01070333
0.01028371
0.01021886
0.00935626
0.00965118
0.00990677
0.01167297
0.01180720
0.01067543
0.00887465
0.01034141
0.01057029
0.01040769
0.00964570
0.01164103
0.00901008
0.00865602
0.00992322
0.00979209
0.01275516
0.00988626
0.00907826
0.01037097
0.00942922
0.01097965
0.00984931
0.01011968
0.00955653
0.01171255
0.00952816
0.01080489
0.01080704
0.01089978
0.00995946
0.01008868
0.00931454
0.01060367
0.00962543
0.00984383
0.01011753
0.01202631
0.01039410
0.01232362
0.01122618
0.01048851
0.01018858
0.00957203
0.01066351
0.01049733
0.00996089
0.00958943
0.01143336
0.00987124
0.01106524
0.00905800
0.01040888
0.00882244
0.01065302
0.01022696
0.01025152
0.00937796
0.00872779
0.00937462
0.00977182
0.00874639
0.01065683
0.00965762
0.01109767
0.01207066
0.00991154
0.01203823
0.01167035
0.01386142
0.00960112
0.01133752
0.01132274
0.00957084
0.01079512
0.01058221
0.01072812
0.01207376
0.01047444
0.00910997
0.01119232
0.01173329
0.01046944
0.01074004
0.00980949
0.01208591
0.01038027
0.01026273
0.00986552
0.01005864
0.00992918
0.00897861
0.01192260
0.01118898
0.01268888
0.00919151
0.01090503
0.01046038
