0.00591803
0.01096272
0.01101637
0.01102662
0.00975108
0.01045299
0.00889874
0.01069784
0.01267862
0.00899148
0.00932956
0.00942278
0.01021743
0.00974655
0.01186728
0.01079655
0.01144266
0.01055145
0.00943089
0.00834727
0.00911331
0.01080036
0.00966644
0.00849342
0.00994158
0.00958157
0.00969481
0.01151943
0.01019669
0.00935030
0.00959206
0.00965977
0.01029181
0.00972342
0.00949955
0.01171994
0.00949860
0.00950170
0.00863647
0.00856996
0.00938368
0.00999951
0.00975442
0.00861740
0.00939083
0.00962830
0.01194739
0.00836611
0.00944257
0.00972486
0.01019692
0.01051593
0.01110387
0.00944972
0.00917220
0.01045203
0.01007199
0.01014280
0.01253939
0.01258707
0.01035380
0.01001191
0.00949502
0.01112890
0.01084900
0.01077342
0.00875401
0.00870085
0.00857544
0.01021743
0.00933051
0.00862002
0.00988746
0.01023722
0.00921178
0.01152492
0.01000357
0.01097369
0.00882173
0.00900102
0.00868344
0.00874114
0.01137924
0.01011229
0.01084971
0.01025772
0.00941110
0.00994539
0.01205230
0.00900340
0.00983953
0.00901890
0.01014161
0.01015091
0.00929832
0.01008368
0.00878024
0.01096797
0.01148725
0.01078129
0.01124501
0.01011086
0.00804043
0.00922894
0.00911736
0.01132560
0.01072598
0.01196289
0.00871205
0.01107168
0.01154542
0.00992155
0.01018786
0.00862741
0.01011920
0.01005530
0.00931311
0.01052332
0.01177025
0.00996089
0.01037431
0.01089978
0.01162529
0.00913334
0.01093221
0.01006794
0.01099133
0.00902581
0.00940585
0.01344490
0.00952554
0.00861001
0.00989676
0.00919580
0.01133919
0.00977683
0.01099420
0.01069808
0.01319504
0.00984263
0.01148868
0.00886202
0.00857353
0.01129127
0.00983405
0.01064396
0.00857592
0.01089263
0.00856161
0.01058388
0.00996709
0.00961399
0.01046753
0.00972533
0.01009870
0.00912213
0.00842929
0.00842547
0.00857401
0.00840235
0.00929570
0.01035619
0.00925159
0.01286697
0.01225376
0.00954747
0.01198196
0.01073623
0.00903440
0.00818300
0.00961113
0.01031971
0.00913572
0.01118350
0.01022291
0.01035738
0.00984263
0.01063824
0.01152706
0.00987530
0.01011610
0.01244545
0.00972128
0.01174927
0.01007462
0.00991201
0.01014090
0.00955200
0.01071596
0.00883079
0.01122022
0.01099467
0.00891113
0.00859809
0.00842905
0.01030755
0.00855899
0.01085114
0.01140666
0.01091433
0.01064754
0.00950241
0.01097131
0.00981998
0.01030540
0.01039934
0.00968337
0.01033926
0.01160002
0.01134992
0.00989914
0.01346588
0.00994968
0.01150370
0.01232481
0.01220345
0.01059246
0.01084876
0.01155376
0.01149583
0.00985408
0.01302195
0.00938272
0.01011896
0.01225829
0.01054120
0.00963545
0.01059079
0.00955725
0.01070905
0.00993633
0.01094937
0.01024842
0.01051736
0.00947690
0.01034498
0.00960779
0.01031423
0.01060605
0.00980997
0.01129317
0.01102042
0.00994706
0.01031923
0.00894713
0.00979590
0.01118994
0.01218605
0.00911808
0.00910282
0.01010108
0.01107788
0.00966978
0.01092124
0.00942469
0.00878072
0.00963998
0.01010013
0.01125288
0.01058555
0.01076174
0.01005459
0.01039505
0.01033306
0.00937963
0.00977278
0.01001334
0.00952888
0.00957084
0.01312852
0.00867939
0.00988555
0.00907350
0.00934434
0.00980330
0.01059699
0.00885773
0.00864506
0.01005983
0.00952268
0.01006961
0.00843096
0.01067209
0.00969863
0.01017666
0.00948691
0.01197934
0.01049066
0.01084113
0.01083326
0.01019549
0.00974727
0.00998497
0.00945497
0.01140499
0.00964141
0.01138258
0.00921941
0.01002693
0.00969315
0.00885296
0.00885057
0.00927496
0.00924516
0.01032281
0.00990558
0.00966978
0.00853539
0.00940657
0.01129127
0.00910211
0.01180434
0.01054454
0.00917077
0.00930834
0.00926161
0.00942802
0.00950837
0.00948524
0.00915956
0.00932622
0.00947142
0.01015949
0.00848389
0.01003051
0.00946283
0.01154685
0.01079082
0.01177692
0.00861645
0.00977349
0.00835395
0.01011729
0.00921774
0.01062703
0.00915051
0.01027179
0.00999880
0.00811172
0.00944400
0.00877571
0.00989747
0.00928473
0.01036239
0.00969744
0.01068759
0.01207304
0.00961304
0.01048136
0.00959945
0.00955033
0.00912380
0.00892448
0.00962949
0.00881600
0.00970435
0.00939918
0.00902343
0.01026607
0.00930500
0.01057744
0.00876260
