0.00290275
0.00838828
0.00900960
0.00793076
0.00933194
0.00958467
0.01040912
0.00963521
0.00987983
0.01004076
0.00924444
0.00930738
0.00992608
0.00990415
0.00966215
0.00975752
0.00964427
0.00932622
0.00941181
0.01083326
0.01082897
0.01039100
0.01032639
0.00997853
0.00943589
0.00959969
0.00939584
0.01025295
0.00928426
0.00862360
0.00936437
0.00944591
0.01030660
0.00987172
0.00885296
0.01002479
0.00911236
0.00810051
0.00862646
0.00935507
0.00924134
0.00809765
0.00913548
0.00997853
0.00808215
0.00919104
0.00898671
0.00902176
0.00950122
0.00960922
0.01047850
0.00933480
0.00872159
0.00945807
0.00939155
0.00882411
0.00925708
0.00845551
0.00963140
0.00872111
0.00962687
0.00939393
0.00976610
0.01135445
0.01075578
0.00970936
0.00966144
0.00967503
0.00944376
0.00874567
0.00844502
0.00901127
0.00879741
0.00862670
