0.00270057
0.00858402
0.00848508
0.01021314
0.00971699
0.00928187
0.00826216
0.00946617
0.00974894
0.00948477
0.00860834
0.01017904
0.00854325
0.00863385
0.00962615
0.00880623
0.00929284
0.00851560
0.00881553
0.00836468
0.00938630
0.00960398
0.00923443
0.00912070
0.01016474
0.00966907
0.00989795
0.00945449
0.00954771
0.00948977
0.00949526
0.00839448
0.00980377
0.00884271
0.01028037
0.00851464
0.00911045
0.00838399
0.00920463
0.00839472
0.00821567
0.00827169
0.00891566
0.00828457
0.00985861
0.01007318
0.00887299
0.00853634
0.00820255
0.00907373
0.00828409
0.00944448
0.00807834
0.00950694
0.00833297
0.00913477
0.00861430
0.00930667
0.00844216
0.00924420
0.00833392
0.00889611
0.00857401
0.01016188
0.00852346
0.01043391
0.00986600
0.00957823
0.00930643
0.00893641
0.00946975
0.00908899
0.00897694
0.00759888
0.00775194
0.00938702
0.00994372
0.00773144
0.00852251
0.01065636
0.01022696
0.00881052
0.01172948
0.01008630
0.01009464
0.01000309
0.01004672
0.00993633
0.00944400
0.01073384
0.00838852
0.00971007
0.00854492
0.00974560
0.00883961
0.00991940
0.00936031
0.00989246
0.00779033
0.00982738
0.00957704
0.00986671
0.00860023
0.00951886
0.00854969
0.00952315
0.00835991
0.00956726
0.00836015
0.00967169
0.00849366
0.01017666
0.00851226
0.00939178
0.00856662
0.00963831
0.00831366
0.01004958
0.00852537
0.00947642
0.00836968
0.01095319
0.01134157
0.01014662
0.00797343
0.00811744
0.00973463
0.00850320
0.00779271
0.01025319
0.00832582
0.01035619
0.01023817
0.00949097
0.00903487
0.00924158
0.00821137
0.00898027
0.01002812
0.00793648
0.00878787
0.00978494
0.01023054
0.00794554
0.00956249
0.00768018
0.01050925
0.00918722
0.01044869
0.00983071
0.00861478
0.00784993
0.00895262
0.00993037
0.00785613
0.00872445
0.00797915
0.00944710
0.00811005
0.01002908
0.00779772
0.00964713
0.00810671
0.00962424
0.00818372
0.00873899
0.00815511
0.00869322
0.00815392
0.00775480
0.00941706
0.01084709
0.01075578
0.01073766
0.00940561
0.01160216
0.00830913
0.01039815
0.00854921
0.01106811
0.01031709
0.01030207
0.00929594
0.00912690
0.00955153
0.00937939
0.00953746
0.00922441
0.00911045
0.00927687
0.00906706
0.00942516
0.00908351
0.00921106
0.00939655
0.00913119
0.00967026
0.00933790
0.00927663
0.00943995
0.01006460
0.00936413
0.00919580
0.00925875
0.00927997
0.00932717
0.00910211
0.00913072
0.00805807
0.00814486
0.00770950
0.00781178
0.00892401
0.00884223
0.00865316
0.00807381
0.01006293
0.00776029
0.00903130
0.00852823
0.01118612
0.00841928
0.00815582
0.00911951
0.00889015
0.00937557
0.00823951
0.00782490
0.00800514
0.00842953
0.00891280
0.00880218
0.00779748
0.00824285
0.00898051
0.00902271
0.00851417
0.01093125
0.00957155
0.00802016
0.00799680
0.01019382
0.01032352
0.00834560
0.00975537
0.00875425
0.00827622
0.00902867
0.00840425
0.00873208
0.00744963
0.00980520
0.00870705
0.00937033
0.00851512
0.00960302
0.00987768
0.00825143
0.00938797
0.00829554
0.00939727
0.00839114
0.01042032
0.00940347
0.01010060
0.00863147
0.00968456
0.00870872
0.00926328
0.00822735
0.00933981
0.00770068
0.00993395
0.00804067
0.01010609
0.00929999
0.00991488
0.00869465
0.00961971
0.00882816
0.00960684
0.00852823
0.00949597
