0.00266218
0.00981426
0.00928807
0.00867796
0.00772381
0.00998116
0.00834918
0.00974321
0.01054025
0.01005530
0.01023102
0.00794721
0.00765514
0.00847220
0.00811028
0.00905538
0.00814581
0.00835705
0.00920224
0.00780487
0.00773764
0.00886941
0.00965500
0.00800729
0.00826883
0.00772810
0.00793219
0.00785279
0.00905013
0.01008582
0.00777149
0.00974345
0.00767708
0.00963688
0.00766397
0.00988507
0.00766039
0.00967145
0.00753880
0.00793409
0.00829434
0.00791168
0.00868392
0.00920296
0.00949216
0.00792074
0.00904632
0.00793219
0.00891924
0.00771189
0.00909519
0.00824189
0.00906682
0.00803781
0.00917530
0.00778103
0.00923967
0.00779319
0.00943661
0.00774145
0.00916815
0.00794101
0.00904632
0.00861979
0.00799656
0.00777745
0.00786090
0.00859118
0.00766540
0.00874591
0.00753856
0.00871491
0.00757480
0.00909996
0.00821447
0.00933409
0.00823426
0.00912189
0.00778723
0.00972986
0.00785375
0.01081586
0.00806022
0.00969291
0.00829530
0.00983453
0.00893426
0.00782442
0.00865507
0.00866199
0.00997448
0.00823736
0.01027656
0.00864410
0.00962710
0.00820518
0.01021767
0.00917721
0.00895071
0.00818872
0.00949287
0.00833654
0.00931048
0.00761771
0.00909090
0.00783443
0.01002836
0.00907207
0.00924802
0.00863910
0.01030469
0.00864863
0.00967169
0.01002765
0.01061368
0.01157999
0.01171422
0.01030016
0.00897646
0.00971317
0.01033258
0.01249075
0.01119184
0.00859690
0.00814486
0.01027203
0.01134157
0.01357484
0.01014757
0.00876951
0.00981402
0.00848007
0.00923920
0.00856447
0.00967741
0.00934625
0.00912929
0.01072621
0.00828385
0.00844812
0.00848317
0.00927877
0.00826454
0.00911951
0.00817895
0.00943947
0.00813437
0.00972629
0.00968313
0.00934982
0.00815678
0.00905418
0.00840783
0.00868773
0.00818682
0.00787735
0.00899410
0.00822401
0.00962639
0.00970602
0.01189137
0.00880671
0.00812292
0.00960851
0.00787139
0.00940371
0.00821829
0.00834274
0.00788760
0.00892901
0.00847554
0.00852370
0.00840950
0.00870872
0.00798202
0.00886154
0.00805044
0.00890207
0.00818920
0.00872111
0.00803518
0.00860572
0.00868678
0.00890970
0.00792909
0.00930095
0.00779653
0.00843287
0.00794888
0.00874233
0.00814867
0.00851130
0.00859618
0.00915909
0.00934601
0.00854015
0.00773001
0.00844979
0.00785518
0.00843954
0.00775146
0.00856304
0.00778246
0.00876856
0.00833201
0.00877762
0.00792742
0.00804114
0.00940633
0.00854683
0.00837302
0.00824022
0.00791883
0.00807142
0.00916004
0.00821090
0.00846529
0.00808835
0.00867152
0.00800443
0.00902510
0.00876927
0.00918221
0.00807571
0.00939322
0.00835514
0.00934219
0.00812459
0.00778675
0.00823736
0.00909710
0.00843835
0.00951958
0.00914478
0.00812674
0.00769997
0.00854230
0.00855684
0.01241541
0.00869727
0.00870824
0.00809002
0.00892830
0.00799203
0.00876403
0.00819373
0.00883603
0.00827312
0.00934768
0.01064682
0.00895357
0.00778008
0.00845838
0.00840116
0.00889134
0.00828052
0.00781822
0.00795197
0.00909162
0.00794077
0.00804996
0.00827885
0.00795531
0.00784636
0.00802040
0.00836086
0.00879908
0.00826383
0.00811267
0.00858736
0.00909615
0.00850844
0.00898075
0.00814462
0.00862336
0.00775599
0.00875592
0.00853848
0.00910592
0.00892210
0.01045561
0.00846767
0.00814605
0.00889301
0.00805211
0.00813270
0.00783134
0.00787783
0.00769472
0.00916815
0.00845599
0.00796938
0.00859356
0.00790977
0.00818157
0.00781250
0.00890684
0.00828505
0.00841045
0.00887251
0.00872564
0.00802350
0.00879812
0.00799799
0.00831056
0.00837541
0.00774980
0.00805616
0.00905609
0.00846958
0.00884366
0.00797248
0.00907755
0.00912905
0.00812602
0.00879407
0.00771499
0.00887513
0.00810814
0.00970745
0.00803351
0.00899243
0.00811529
0.00882959
0.00832343
0.00900745
