0.00218511
0.00917888
0.00989342
0.00990224
0.01063538
0.01023436
0.00918603
0.00992823
0.00954223
0.00999975
0.00785136
0.00846505
0.00757265
0.00846982
0.00872874
0.00855374
0.00803232
0.00832319
0.00946212
0.00950432
0.00877595
0.00879049
0.00793767
0.00876498
0.00807810
0.00800586
0.01291442
0.00892258
0.00793099
0.00864744
0.00829172
0.00830340
0.00759959
0.00820208
0.01065087
0.00931549
0.00936532
0.00879788
0.00906444
0.00969434
0.00920439
0.00969267
0.00939465
0.00944352
0.00973105
0.00923896
0.00913239
0.00976443
0.00973082
0.00965238
0.01018238
0.00938272
0.00779080
0.00847030
0.00970554
0.01268792
0.00895834
0.01179242
0.00919604
0.01103401
0.00844646
0.01160169
0.01010585
0.01082397
0.00951076
0.01084900
0.00966120
0.01178432
0.01375365
0.01076961
0.00828958
0.00996566
0.00836563
0.00828648
0.00768781
0.00872302
0.01025605
0.00911045
0.00845218
0.01046538
0.00836134
0.00981331
0.00799894
0.00841856
0.01205778
0.00950003
0.00756550
0.00843167
0.01030493
0.00987935
0.01077843
0.00964069
0.01053500
0.00948167
0.00897288
0.00917816
0.00939870
0.01080012
0.00983906
0.01065803
0.00885224
0.00961304
0.01026678
0.00859022
0.00914693
0.00884080
0.01018262
0.00915504
0.00905013
0.00965405
0.00794768
0.00955772
0.00795317
0.00923777
0.00775576
0.00929713
0.00824499
0.01170039
0.00950742
0.01139283
0.00959945
0.01140618
0.01043487
0.00921941
0.00777817
0.01009822
0.00879574
0.01011658
0.00782561
0.00961804
0.01011920
0.01031947
0.00775385
0.00984192
0.00816679
0.01071572
0.00959682
0.01153302
0.01001549
0.01023126
0.01014924
0.01039958
0.00956464
0.01042533
0.00916576
0.01036048
0.00976634
0.01034904
0.00953579
0.00950027
0.00884080
0.00936389
0.00860095
0.00931263
0.00843477
0.01003885
0.00850677
0.00957489
0.00972629
0.01092362
0.00890589
0.00970554
0.00877094
0.01164007
0.00839901
0.01119924
0.01041651
0.01036620
0.00940180
0.01165247
0.01022911
0.00920510
0.00919724
0.00974560
0.00988317
0.00918007
0.01064372
0.00969291
0.01005268
0.00964284
0.01045895
0.01055598
0.01033282
0.00938392
0.00959206
0.00949144
0.00952291
0.00904679
0.00895452
0.00830007
0.00947618
0.00881028
0.01095915
0.01253390
0.00893307
0.00885963
0.01055765
0.00891376
0.00908470
0.00943160
0.01200891
0.00858212
0.00832248
0.00949121
0.00878215
0.01071906
0.00948310
0.01079464
0.00976777
0.00921893
0.00992990
0.01012516
0.00864697
0.00994778
0.00858951
0.00988007
0.00946045
0.00962758
0.01059723
0.00984144
0.01055956
0.01019573
0.01070261
0.01122856
0.01052332
0.01084781
0.01127172
0.00991249
0.01065278
0.01033235
0.00898504
0.01004052
0.00776076
0.00800514
0.00797725
0.00987196
0.00878334
0.00932670
0.00847459
0.00810504
0.00879622
0.00821567
0.00896788
0.00838852
0.00972772
0.00820827
0.00795722
0.00949740
0.00903654
0.00875020
0.00759220
0.00765538
0.00945210
0.00805593
0.00842690
0.00756454
0.00860071
0.00780320
0.00950623
0.00826406
0.00990486
0.00809216
0.00879145
0.00913310
0.00987601
0.00840545
0.00871754
0.00923657
0.00863528
0.00891995
0.00893188
0.00899839
0.00956964
0.00932527
0.01121020
0.01022983
0.01003075
0.00926757
0.01032495
0.00902987
0.01109886
0.00789261
0.00852346
0.00910330
0.00861001
0.00890613
0.00859976
0.00797749
0.00756836
0.00930715
0.00879788
0.00890136
0.01042724
0.00980163
0.00867605
0.00911832
0.00937009
0.00853181
0.01199675
0.00816560
0.01180243
0.01077914
0.01088452
0.01064086
0.00918221
0.00984192
0.01045966
0.01012611
0.00867391
0.00953579
0.00788951
0.00987506
0.01030254
0.00994849
0.00935578
0.00901270
0.00938988
0.00997877
0.00872898
0.00943089
0.00860286
0.00925541
0.00873327
0.00946212
0.00817633
0.00955510
0.00786281
0.01058030
0.00812197
0.00978708
0.00893450
0.00906873
0.00956345
0.00943589
0.00896716
0.01062965
0.00965476
0.01100922
0.00898910
0.00880265
0.00933647
0.01013446
0.00966573
0.00851822
0.01010895
0.01054454
0.00903893
0.00863123
0.00908828
0.00852966
0.00927544
0.00863123
0.00901222
0.00934005
0.00803590
0.00818706
0.00944233
0.00963235
0.00946355
0.00925112
0.00925040
0.00994253
0.00830555
0.00981307
0.01071501
0.00886989
0.00910902
0.00846457
0.00988030
0.00917482
0.00966096
0.00905824
0.01098442
0.01014090
0.01036263
0.01108360
0.01004958
0.00966406
0.00787783
0.00758123
0.00936365
0.00810623
0.00927615
0.01011491
0.00857568
0.00957465
0.00809789
0.00944972
0.00824213
0.00968099
0.00780010
0.00950241
0.00775170
0.00968480
0.00795674
0.00997210
0.00781989
0.00969791
0.00961733
0.01178598
0.00989270
0.00796819
0.00954294
0.00813055
0.00909567
0.00792885
0.01044559
0.00810170
0.00983596
0.00835752
0.00986028
0.00831294
0.00968719
0.00801563
0.00842786
0.00940967
0.00865793
0.00766253
0.00777578
0.00875068
0.00819564
0.00922155
0.00851560
0.01034784
0.00819016
0.00798178
0.00771451
0.00892091
0.00798297
0.00756168
0.00784230
0.00801873
0.01117587
0.00785041
0.00903916
0.00810742
0.00813317
0.00899911
0.00809383
0.00774980
0.00785208
0.00879049
0.00872159
0.00968671
0.00995731
0.00896931
0.00987244
0.00843692
0.01022553
0.00857425
0.00868368
0.00914741
0.01016808
0.00906897
0.01004791
0.00889587
0.01090741
0.00972223
0.00853348
0.00852847
