0.00106764
0.00986314
0.01056790
0.00980878
0.00963473
0.00929761
0.00789046
0.00862360
0.00780463
0.00892711
0.00879049
0.00885224
0.00869489
0.01071525
0.01045918
0.01022530
0.00888205
0.00767946
0.00876665
0.00786877
0.01066422
0.00860095
0.01015782
0.00819230
0.00855637
0.00949669
0.00921726
0.00938964
0.00945783
0.00914240
0.00932145
0.01008105
0.01031423
0.00943494
0.00863361
0.00895905
0.00932145
0.00920582
0.00888705
0.00946474
0.00931549
0.00874805
0.00747299
0.00798154
0.00857854
0.00986767
0.00873160
0.00880599
0.00809693
0.00879717
0.00827765
0.00859237
0.00868654
0.00759935
0.00783014
0.00932908
0.01022887
0.00792956
0.01017165
0.01032495
0.00945687
0.00840640
0.00876474
0.00773120
0.00772858
0.00878978
0.00768232
0.00756478
0.00804067
0.00834560
0.00920486
0.00890374
0.00784159
0.00794888
0.00913167
0.01005077
0.00947094
0.00767303
0.00776434
0.00789332
0.00795984
0.00949144
0.00949693
0.00931478
0.00947881
0.00973964
0.00800467
0.00903797
0.00805593
0.00982475
0.00807834
0.01009917
0.00770092
0.00876141
0.00813913
0.00882435
0.00908947
0.00997829
0.00916576
0.00840855
0.00817633
0.00786114
0.00849962
0.00789237
0.01022124
0.00817227
0.00989962
0.00878215
0.00933552
0.00941467
0.00742769
0.00897527
0.00864959
0.01158738
0.00950575
0.01037383
0.00998712
0.00797844
0.00754929
0.00893927
0.00851059
0.00748277
0.01021576
0.00989151
0.00878167
0.01001525
0.01048541
0.01071668
0.00951505
0.01000667
0.00936151
0.00971818
0.01073241
0.01014328
0.01122069
0.01025367
0.00953197
0.00974607
0.00976419
0.00760198
0.00855756
0.00759912
0.01008749
0.00977921
0.00909162
0.00808835
0.00898647
0.00991154
0.00923729
0.00891566
0.00864744
0.00841570
0.00867724
0.00945377
0.00991583
0.00928164
0.00994563
0.00954747
0.00973463
0.01066422
0.01161742
0.00988436
0.00940013
0.00923014
0.01017928
0.01041818
0.00971818
0.01038098
0.01135993
0.01043081
0.00944471
0.01089644
0.01067162
0.00912547
0.01009893
0.00954700
0.00863004
0.00911307
0.00883079
0.00992513
0.01069427
0.01018929
0.00823212
0.00858259
0.00743294
0.00865364
0.00759673
0.00895238
0.00786304
0.00798321
0.00791168
0.01103759
0.00907850
0.00900817
0.01053286
0.01021028
0.00977540
0.01026654
0.00928402
0.01049352
0.00928998
0.00956202
0.00955915
0.00935411
0.00933623
0.00788474
0.00752068
0.00774550
0.00791717
0.00769663
0.00847554
0.00970054
0.00814676
0.00842953
0.00945020
0.00877213
0.00785446
0.00760508
0.00774813
0.00900698
0.01046443
0.00987887
0.01037192
0.00891757
0.00913072
0.00808597
0.00905824
0.00895739
0.00915432
0.00898194
0.00911832
0.00856924
0.00888515
0.00983310
0.00939083
0.00952506
0.01025057
0.00920653
0.00894213
0.00934052
0.00852871
0.00918579
0.00840092
0.00932789
0.00858569
0.00891924
0.00961637
0.00957632
0.00832677
0.01092267
0.01030350
0.00743151
0.00842309
0.00832820
0.00876403
0.00795031
0.01086116
0.01102161
0.00992155
0.01014042
0.00883102
0.00947547
0.00818205
0.00847149
0.00846243
0.00821829
0.00831127
0.00849438
0.00837517
0.00946307
0.00864053
0.00773716
0.00930429
0.00780058
0.00851655
0.00785708
0.00908828
0.00786352
0.00796223
0.00810719
0.00802207
0.00954223
0.00782466
0.00947952
0.00790286
0.00969839
0.00740933
0.00962210
0.00787902
0.00973797
0.00755763
0.01068759
0.01007581
0.00895381
0.00842619
0.00940394
0.00865364
0.01000881
0.00758886
0.00937462
0.00775886
0.00909352
0.01014423
0.01087713
0.00919342
0.00749612
0.00852609
0.00842524
0.00976133
0.00936246
0.00849795
0.00880837
0.00954938
0.00970960
0.00884795
0.00900197
0.00831318
0.00976896
0.00859833
0.00927114
0.00831294
0.00973725
0.00771689
0.00787044
0.00990987
0.01107717
0.01004100
0.00991368
0.01045585
0.01140189
0.01005912
0.01026344
0.01155424
0.01034784
0.01025224
0.01014352
0.00947905
0.00973034
0.00809145
0.00787759
0.00858903
0.00824165
0.00776529
0.00860500
0.01060581
0.01048565
0.00962615
0.01084208
0.00837970
0.00757337
0.00796723
0.00926352
0.01033235
0.00931025
0.01014304
0.01023555
0.01031423
0.00949407
0.00985432
0.01018167
0.00964713
0.00920415
0.00938535
0.00849438
0.00945830
0.00804710
0.00748348
0.00873590
0.00808668
0.00917530
0.00954509
0.00804234
0.00775886
0.00866508
0.00761056
0.00925398
0.00772572
0.00912976
0.00798893
0.00873327
0.00857091
0.00937772
0.00920916
0.00892329
0.00807643
0.00802469
0.00865889
0.00786114
0.00833154
0.00963426
0.00989103
0.00934649
0.01036835
0.01032329
0.01014209
0.00916910
0.01145601
0.01061440
0.01021075
0.01044154
0.01158881
0.00971055
0.01030922
0.00978756
0.00918174
0.00916934
0.01062918
0.01113415
0.01072478
0.01029563
0.00913167
0.01010799
0.00964737
0.01037812
0.01048994
0.01033878
0.00935578
0.01075459
0.00997758
0.00997496
0.01026607
0.00805378
0.00894761
0.01074338
0.01186991
0.00972652
0.00851727
0.00783515
0.01018691
0.00765705
0.01070476
0.01028824
0.01008797
0.00964236
0.01092815
0.01044464
0.01084542
0.00807548
0.01119208
0.00952649
0.01025391
0.01051068
0.00981379
0.01105642
0.00990653
0.01017213
0.01057887
0.01030064
0.01056051
0.00916266
0.00957632
0.00989127
0.00964260
0.00918841
0.01042938
0.01137781
0.01053619
0.00875092
0.00777245
0.00755072
0.00929713
0.01098084
0.00944519
0.00919175
0.00774789
0.00826263
0.00821686
0.00926924
0.00780654
0.00939202
0.00796437
0.00872278
0.00783610
0.00847340
0.00781393
0.00947428
0.00780296
0.01012611
0.00997424
0.00953293
0.01093578
0.01094627
0.01037002
0.01049352
0.00969362
0.01060510
0.01013827
0.01055551
0.00898051
0.00944448
0.00861049
0.01019597
0.00859451
0.00991654
0.00849319
0.01018238
0.00865722
0.00995469
0.00834394
0.00877786
