0.00500703
0.00989103
0.00840521
0.00891662
0.00828791
0.01401448
0.00892305
0.01045585
0.01024842
0.01162839
0.00935936
0.01017189
0.01007223
0.00970602
0.00895929
0.00873303
0.01023030
0.00838852
0.00881362
0.00989795
0.01042318
0.01027560
0.00984669
0.00851941
0.00877476
0.00845695
0.01041937
0.01192808
0.01040697
0.00922871
0.00886488
0.00854158
0.01129317
0.00903583
0.01162910
0.00854278
0.00829840
0.01005602
0.01156306
0.00988221
0.00858021
0.00971222
0.00977826
0.00972509
0.00961685
0.00891995
0.00900817
0.01139212
0.00973296
0.01139617
0.01170993
0.00890923
0.01015449
0.00943971
0.01013327
0.00901103
0.00924349
0.01019692
0.01004982
0.01153731
0.01005602
0.00885797
0.00883198
0.00898910
0.01002312
0.00916433
0.00816441
0.01060939
0.00991535
0.01015902
0.00912952
0.00793862
0.00942850
0.01105452
0.00926614
0.01002860
0.00863171
0.00821328
0.00852394
0.00934815
0.00982833
0.00922680
0.00933266
0.00869298
0.01056814
0.00877261
0.00901365
0.00848937
0.00940132
0.00838184
0.00987434
0.00934863
0.00910735
0.00987315
0.01080012
0.00905275
0.00914192
0.00886679
0.01018691
0.01093531
0.01195478
0.00972605
0.00893378
0.00866652
0.01083326
0.00958443
0.00850105
0.00953674
0.01104498
0.00915360
0.00973845
0.00919771
0.00922060
0.00925994
0.00839520
0.01052141
0.00953078
0.00963187
0.00852180
0.01017380
0.01047993
0.01099086
0.00915527
0.00876808
0.01015568
0.00837207
0.01162982
0.00876594
0.01089120
0.00793862
0.00946140
0.00866723
0.00885344
0.00863624
0.01003003
0.00972319
0.00933623
0.00857377
0.00847650
0.00878000
0.00816417
0.00890422
0.00963807
0.00873208
0.00939941
0.00919914
0.00923371
0.00937986
0.01176620
0.00896215
0.00818372
0.00890756
0.00891232
0.01000333
0.00978899
0.01111531
0.00841784
0.00772309
0.00952077
0.00912499
0.00814271
0.01073289
0.00895476
0.00955820
0.00885344
0.01106501
