0.00322199
0.00850058
0.00941157
0.00906467
0.00976253
0.00891113
0.00878572
0.01039910
0.01021647
0.00916314
0.01016665
0.00905252
0.01144171
0.00847864
0.00885820
0.01048970
0.00903702
0.01062202
0.00936770
0.01033092
0.00970221
0.00887179
0.00840807
0.00827050
0.00914359
0.00880098
0.00824142
0.01042962
0.00885248
0.00829482
0.00815010
0.01053524
0.00974798
0.00940275
0.00984740
0.00969243
0.01104021
0.00997186
0.00866652
0.00968838
0.01077151
0.00996780
0.00876665
0.00878143
0.01021242
0.01056409
0.01039052
0.01046586
0.00888038
0.01008391
0.00996518
0.00902820
0.01052761
0.01017332
0.00896549
0.00901031
0.01004267
0.00864744
0.00982356
0.01032686
0.00912595
0.00926471
0.00870728
0.00892615
0.00899053
0.00871921
0.00992870
0.00875282
0.00819588
0.00815177
0.01107168
0.01018476
0.00959373
0.01235437
0.01007223
0.01049638
0.00928688
0.00951076
0.00958562
0.00977921
0.00902581
0.00901723
0.01029396
0.00880408
0.00877547
0.00943446
0.01065731
0.01058578
0.01131916
0.02446628
0.01131344
0.00863910
0.00910997
0.00882339
0.00926065
0.01104093
0.01077414
0.01100183
0.00993586
0.01060414
0.01102233
0.01017451
0.01088858
0.01077557
0.01104689
0.00954819
0.00924635
0.00980353
0.00892997
0.01037669
0.00964284
0.00983906
0.01054502
0.00990653
0.00943756
0.00887966
0.01098967
0.01095366
0.00992155
0.01067328
0.01131654
0.01006103
0.00963712
0.00955820
0.00919199
0.00973487
0.00844455
0.01020527
0.00893116
0.00967050
0.01005530
0.00931191
0.00958395
0.00922799
0.01054907
0.00963259
0.00946236
0.00971651
0.00914097
0.00905800
0.00916505
0.01139021
0.01004744
0.00953388
0.00995111
0.00966644
0.00877142
0.00866032
0.00936651
0.00980282
0.01093054
0.00837255
0.01054168
0.00974488
0.00790143
0.01009059
0.00942659
0.00825143
0.00987887
0.01153946
0.00884938
0.00862026
0.00988507
0.00991344
0.00887251
0.00923586
0.00844908
0.00907898
0.00999331
0.00859523
0.00924969
0.01063085
0.00972342
0.00922537
0.01040602
0.01045609
0.01107240
0.01093698
0.00957847
0.00917602
0.00967884
0.00897121
0.01004553
0.00845265
0.00981426
0.01011705
0.01019311
0.00979781
0.00964475
0.01085091
0.01069808
0.01014423
0.00926995
0.00893688
0.01025176
0.01060867
0.01057124
0.01028776
0.00970912
0.00876427
0.01054645
0.01043272
0.01030469
0.01114511
0.01084733
0.01045465
0.00897145
0.00821233
0.01055837
0.00813437
0.00987554
0.01156735
0.00944185
0.01051712
0.01089501
0.00909328
0.01114011
0.01162696
0.01130033
0.00981593
0.00981784
0.01103926
0.01095438
0.00948572
0.00977015
0.00981569
0.00913930
0.01057029
0.01020169
0.00929856
0.01013637
0.01062775
0.01060915
0.00883865
0.01059246
0.00990081
0.01006770
0.01127934
0.00993204
0.01095319
0.00950551
0.00919151
0.00914311
0.00940728
0.01061630
0.00947118
0.01036310
0.01209140
0.01021218
0.00948930
0.00975585
0.00882626
0.01039982
0.00976491
0.01008463
0.00978136
0.00946689
0.01046252
0.00920200
0.00965714
0.01061082
0.01005602
0.01089811
0.01037121
0.01172042
0.01080680
0.01092362
0.01025558
0.01125145
0.01012635
0.01012254
0.00888920
0.00978565
0.01017761
0.00948310
0.00940776
0.00981545
0.00991201
0.00900865
0.00956297
0.00930262
0.00924683
0.00909638
0.01084518
0.00966358
0.01056147
0.00975299
0.00961041
0.01001453
0.01055980
0.01083946
0.00942659
0.00820732
0.00903249
0.01019239
0.01259017
0.01016283
0.01088595
0.01068330
0.01057005
0.01007223
0.01000595
0.01195145
0.01280904
0.01131582
0.01125479
0.01322889
