0.00336504
0.00957489
0.01131511
0.01112485
0.00905776
0.00973105
0.00878549
0.00959158
0.00851393
0.00849986
0.00936747
0.01004505
0.00800610
0.00961232
0.00961661
0.00937772
0.00988007
0.01107621
0.00885844
0.00821447
0.00921631
0.00822496
0.00894928
0.00830078
0.01116204
0.01243806
0.01094079
0.00949073
0.00900865
0.00797105
0.00956678
0.00956225
0.01016712
0.00867486
0.00936317
0.00866342
0.00979042
0.01011491
0.00972509
0.00981450
0.00981426
0.00834560
0.00931883
0.01126242
0.00899959
0.00945163
0.01050162
0.01049829
0.00987387
0.00998974
0.00878978
0.01051497
0.00943899
0.00959063
0.00941706
0.00900793
0.00993013
0.00910282
0.01065826
0.00966978
0.01002336
0.00913906
0.00915933
0.00995278
0.00906038
0.00827932
0.00870109
0.00984883
0.00820541
0.00889826
0.00931025
0.00865698
0.00987840
0.00999546
0.00977468
0.01178527
0.00956130
0.00937843
0.01129770
0.01039147
0.00935292
0.00927472
0.01059961
0.00950098
0.01063800
0.00933838
0.00808549
0.00952864
0.00982618
0.01161695
0.00937486
0.00821328
0.00963449
0.00800180
0.00969386
0.00909138
0.00919008
0.01061535
0.01038742
0.01175475
0.00918221
0.01040268
0.01157880
0.00942063
0.00980592
0.01002431
0.00956535
0.00884008
0.01031399
0.00851941
0.00917220
0.00855279
0.00948715
0.00865293
0.00894189
0.01021528
0.00919366
0.01118064
0.01163340
0.01037335
0.00897694
0.00811219
0.00809813
0.00943851
0.00933218
0.01141286
0.01197934
0.00861073
0.01061630
0.00861216
0.00979233
0.00964355
0.00952840
0.00881219
0.01019168
0.01088691
0.00892496
0.00964093
0.01048923
0.00985289
0.00953174
0.01026845
0.00926137
0.00927711
0.01048636
0.00901675
0.00973940
0.01090598
0.00978923
0.00884295
0.01031303
0.00944901
0.00965810
0.01170135
0.00947094
0.00934577
0.01081467
0.00924540
0.00857663
0.00974035
0.01056409
0.01277328
0.00899911
0.01021647
0.01121068
0.00901484
0.00860810
0.01001906
0.00898457
0.00969744
0.01011920
0.00947380
0.00881076
0.00956416
0.00890279
0.00816083
0.00858212
0.00842571
0.00963688
0.01249146
0.00896430
0.00830269
0.00966668
0.00923920
0.00833893
0.01007080
0.00994325
0.01174903
0.00975609
0.00930095
0.00945997
0.00871396
0.01047087
0.01043701
0.00970745
0.01040626
0.01092482
0.01000261
0.00928640
0.00978065
0.00939703
0.00910425
0.00865149
0.00955534
0.01058722
0.00974703
0.00941086
0.01084113
0.00903082
0.00899410
0.00866890
0.00932407
0.01039147
0.01098394
0.01009822
0.00972009
0.00833559
0.00927258
0.01019359
0.01021838
0.00878429
0.00965643
0.00992966
0.00874186
0.00960851
0.00879931
0.00856972
0.00863290
0.00894594
0.00887227
0.00822639
0.01020503
0.00966454
0.00972939
0.01062608
0.01001310
0.00950146
0.00866508
0.00927043
0.00843072
0.00964665
0.00908422
0.00929284
0.00832891
0.01010752
0.00948238
0.01029181
0.01017547
0.00994825
0.00908041
0.00842929
0.01151443
0.01015067
0.01090074
0.00967145
0.01043773
0.01001549
0.00964999
0.01008511
0.00943303
0.00816154
0.00947046
0.01047063
0.00980878
0.01000714
0.01038432
0.00861931
0.01012158
0.00912666
0.00921631
0.00923157
0.01033735
0.00997686
0.00956583
0.00932550
0.00933576
0.00975513
0.00902247
0.00886655
0.00997400
0.00956893
0.00935817
0.00843215
0.00974917
0.01112914
0.01127362
0.00969744
0.01215553
0.01080918
0.00978398
0.00909424
0.00863028
0.00884795
0.00970888
0.00996304
0.00907946
0.00927424
0.00943351
0.00868940
0.00831771
0.00919175
0.00941372
0.00865483
0.01001310
0.00965238
0.00901914
0.00982571
