0.00369740
0.01200914
0.01164842
0.00878501
0.00976634
0.00923872
0.00943160
0.00869465
0.00909305
0.00996208
0.01259518
0.01149344
0.00956917
0.01051545
0.01052356
0.01131320
0.01128173
0.00945950
0.00907159
0.00935173
0.00932455
0.00874352
0.00829506
0.01024604
0.00885320
0.00878239
0.00969815
0.01103902
0.01253581
0.01144767
0.01011443
0.01065755
0.00991821
0.00970078
0.00943255
0.01090074
0.00950146
0.00913858
0.00948977
0.01129246
0.00938034
0.00883818
0.00950670
0.01004839
0.00993586
0.01000047
0.00928164
0.01016355
0.01024771
0.00938797
0.01007318
0.01000643
0.00919271
0.01178765
0.00978756
0.00909185
0.00930786
0.00977421
0.01027083
0.00828075
0.00905728
0.01044631
0.00927043
0.01066446
0.01149273
0.01184416
0.01351523
0.00938869
0.00945854
0.01026416
0.00935054
0.01026225
0.01112556
0.00895333
0.01072192
0.01033330
0.00911617
0.00975728
0.01089621
0.01077604
0.01094604
0.00970674
0.00948787
0.01168394
0.01163292
0.00952172
0.01098132
0.01087999
0.01090169
0.01050091
0.00962734
0.00933981
0.01029325
0.00892115
0.00959802
0.00890636
0.00877285
0.01068139
0.01033664
0.00892830
0.01031137
0.01010561
0.00901079
0.01060963
0.01044250
0.00846529
0.01007628
0.01003242
0.00846314
0.01144099
0.00957680
0.00900602
0.01148748
0.00841331
0.01076388
0.01092863
0.01089406
0.01077771
0.01202011
0.00979948
0.00957179
0.00932479
0.00908184
0.01035333
0.00999808
0.01074338
0.00858688
0.00941491
0.00874639
0.00927758
0.01126242
0.00966835
0.01024032
0.00976777
0.00944328
0.00917411
0.00868201
0.00902438
0.00969720
0.00847125
0.00871730
0.00870013
0.00900054
0.00890470
0.00878358
0.00775051
0.00770617
0.00891423
0.00832605
0.00877404
0.00902295
0.00776076
0.00765538
0.00790191
0.00866127
0.00787640
0.00853038
0.00849247
0.00776410
0.00905657
0.00937343
0.00754023
0.00873566
0.00832272
0.00802112
0.01060939
0.00882101
0.00849724
0.00903893
0.00814891
0.00826645
0.00924492
0.00858426
0.01010346
0.00926709
0.00941682
0.00784349
0.00874710
0.00791407
0.00897384
0.00785422
0.00973558
0.00913501
0.00988030
0.00855899
0.00880909
0.00812101
0.00881004
0.00921106
0.00964308
0.00835967
0.00986290
0.00857925
0.00928259
0.00848103
0.00893497
0.00913715
0.00828862
0.00926280
0.00842309
0.01089430
0.01009846
0.01005363
0.01001549
0.01047087
0.00862718
0.00917292
0.00937724
0.00801730
0.00917053
0.00872111
0.00872946
0.01024365
0.01050711
0.01088071
0.01042032
0.00956535
0.01003313
0.01069093
0.00905538
0.01032996
0.00860524
0.00996470
0.01048851
0.00907636
0.01076055
0.00908041
0.00780582
0.00987720
0.00999284
0.00798559
0.00824761
0.01081038
0.00870967
0.00815153
0.00929427
0.00944400
0.00861502
0.01006413
0.00808072
0.00813770
0.00787282
0.01045609
0.00919747
0.00925756
0.00936747
0.00850534
0.00910449
0.00919390
0.00900221
0.00888276
0.00918531
0.00887275
0.00848174
0.00918508
0.00992775
0.00973296
0.00971532
0.00976372
0.01023889
0.01055574
0.00994325
0.00988650
0.01075101
0.00977945
0.01001525
0.01026249
0.01173854
0.01052785
0.00991321
0.00925303
0.00923681
0.01001740
0.01100922
0.01122165
0.00966144
0.00870752
0.00963449
0.00900149
0.01024055
0.01085329
0.01223087
0.00883126
0.00996399
0.01001406
0.00843143
0.00873065
0.00965238
0.00909758
0.00934339
0.00873446
0.00994849
0.01033139
0.00942636
0.00991654
0.00979543
0.01061416
0.01012182
0.00958204
0.00997257
0.00862455
0.00835848
0.00834417
0.00874710
0.00910544
0.00987458
0.00964999
0.00921822
0.00937581
0.00896907
0.00955796
0.00972581
0.00882959
