139.000,112.000,51.000,36.000
139.171,114.218,51.000,36.000
139.000,115.754,51.000,36.000
139.512,116.948,51.000,36.000
139.341,118.142,51.000,36.000
138.954,118.629,52.128,36.797
138.780,119.501,52.128,36.797
138.256,119.676,52.128,36.797
137.499,119.450,53.282,37.611
137.895,120.022,52.145,36.809
137.721,120.197,52.145,36.809
137.546,120.022,52.145,36.809
136.674,120.197,52.145,36.809
136.151,119.673,52.145,36.809
135.976,119.499,52.145,36.809
135.802,118.976,52.145,36.809
135.627,118.801,52.145,36.809
135.453,118.627,52.145,36.809
135.278,118.103,52.145,36.809
135.453,116.882,52.145,36.809
135.278,116.708,52.145,36.809
135.453,116.184,52.145,36.809
135.278,115.312,52.145,36.809
135.453,114.789,52.145,36.809
135.278,114.265,52.145,36.809
134.883,113.315,53.299,37.623
135.061,112.780,53.299,37.623
135.596,111.889,53.299,37.623
136.680,111.774,52.163,36.821
137.203,111.251,52.163,36.821
137.169,110.300,53.317,37.635
137.704,109.765,53.317,37.635
139.133,109.651,52.180,36.833
140.355,109.476,52.180,36.833
139.958,109.250,53.334,37.648
140.137,109.071,53.334,37.648
141.386,108.536,53.334,37.648
144.062,108.358,53.334,37.648
146.025,107.822,53.334,37.648
147.631,106.930,53.334,37.648
151.735,106.395,53.334,37.648
154.411,106.573,53.334,37.648
156.731,106.752,53.334,37.648
160.835,106.930,53.334,37.648
161.370,107.822,53.334,37.648
165.474,108.714,53.334,37.648
166.366,109.607,53.334,37.648
167.972,111.569,53.334,37.648
168.864,111.391,53.334,37.648
171.541,110.142,53.334,37.648
174.217,108.179,53.334,37.648
175.823,106.573,53.334,37.648
179.570,104.967,53.334,37.648
179.165,103.255,54.514,38.481
181.536,102.343,54.514,38.481
181.122,100.971,55.720,39.332
181.309,99.294,55.720,39.332
181.868,98.734,55.720,39.332
182.800,98.548,55.720,39.332
183.732,98.362,55.720,39.332
184.291,98.548,55.720,39.332
184.642,98.306,56.953,40.202
185.595,99.259,56.953,40.202
186.166,99.831,56.953,40.202
186.357,100.021,56.953,40.202
186.166,100.593,56.953,40.202
185.976,100.783,56.953,40.202
186.166,100.974,56.953,40.202
185.976,101.164,56.953,40.202
186.166,101.355,56.953,40.202
185.976,101.545,56.953,40.202
186.166,101.355,56.953,40.202
185.595,101.545,56.953,40.202
185.023,101.355,56.953,40.202
184.833,101.545,56.953,40.202
184.261,100.974,56.953,40.202
183.950,101.219,55.739,39.345
183.018,101.405,55.739,39.345
182.085,101.592,55.739,39.345
181.153,101.778,55.739,39.345
180.221,101.592,55.739,39.345
179.288,101.405,55.739,39.345
178.356,100.846,55.739,39.345
177.050,99.913,55.739,39.345
175.745,99.727,55.739,39.345
174.440,100.286,55.739,39.345
173.880,100.100,55.739,39.345
172.575,99.540,55.739,39.345
172.016,98.981,55.739,39.345
171.711,98.861,54.550,38.506
170.799,99.044,54.550,38.506
170.251,99.226,54.550,38.506
170.305,99.813,53.387,37.685
169.769,99.991,53.387,37.685
169.591,100.170,53.387,37.685
169.055,101.063,53.387,37.685
168.519,101.956,53.387,37.685
168.698,102.849,53.387,37.685
168.519,103.385,53.387,37.685
167.743,103.153,54.568,38.518
166.571,103.295,55.775,39.371
165.761,102.666,57.009,40.242
165.570,102.476,57.009,40.242
164.998,101.903,57.009,40.242
164.426,100.950,57.009,40.242
163.853,100.759,57.009,40.242
162.900,101.331,57.009,40.242
162.328,101.522,57.009,40.242
162.137,101.713,57.009,40.242
161.946,101.903,57.009,40.242
161.374,101.713,57.009,40.242
161.565,102.285,57.009,40.242
160.993,102.857,57.009,40.242
160.802,103.429,57.009,40.242
160.230,103.239,57.009,40.242
160.039,102.666,57.009,40.242
159.848,102.094,57.009,40.242
159.658,101.141,57.009,40.242
159.467,100.568,57.009,40.242
160.039,99.996,57.009,40.242
159.848,99.043,57.009,40.242
160.039,98.470,57.009,40.242
160.230,97.517,57.009,40.242
160.654,94.821,55.793,39.384
160.467,94.261,55.793,39.384
161.027,93.701,55.793,39.384
160.467,93.141,55.793,39.384
160.280,89.968,55.793,39.384
160.094,89.034,55.793,39.384
160.280,88.474,55.793,39.384
160.467,87.914,55.793,39.384
160.044,86.123,57.028,40.255
160.836,86.001,55.812,39.396
161.022,83.947,55.812,39.396
161.582,83.386,55.812,39.396
162.143,83.200,55.812,39.396
162.329,82.266,55.812,39.396
162.516,81.706,55.812,39.396
162.480,81.076,57.047,40.268
161.907,79.359,57.047,40.268
162.480,79.168,57.047,40.268
162.289,78.214,57.047,40.268
162.861,78.023,57.047,40.268
163.052,77.069,57.047,40.268
163.845,77.314,55.830,39.409
164.620,77.194,54.639,38.569
164.803,77.011,54.639,38.569
164.620,76.829,54.639,38.569
164.437,76.646,54.639,38.569
164.254,76.463,54.639,38.569
163.706,76.280,54.639,38.569
163.523,76.097,54.639,38.569
163.706,75.915,54.639,38.569
163.889,75.366,54.639,38.569
164.071,74.087,54.639,38.569
164.254,74.635,54.639,38.569
164.071,73.355,54.639,38.569
164.620,73.173,54.639,38.569
165.168,74.087,54.639,38.569
166.082,74.269,54.639,38.569
166.265,72.990,54.639,38.569
166.082,73.173,54.639,38.569
166.631,73.721,54.639,38.569
166.082,73.538,54.639,38.569
166.265,72.990,54.639,38.569
166.082,72.807,54.639,38.569
166.265,72.624,54.639,38.569
166.082,72.441,54.639,38.569
166.265,72.259,54.639,38.569
166.082,72.076,54.639,38.569
166.631,72.624,54.639,38.569
166.082,75.001,54.639,38.569
166.631,75.915,54.639,38.569
166.082,76.463,54.639,38.569
166.265,76.280,54.639,38.569
165.717,76.097,54.639,38.569
165.534,79.936,54.639,38.569
165.351,80.119,54.639,38.569
165.168,80.667,54.639,38.569
164.753,80.810,55.848,39.422
164.940,80.996,55.848,39.422
164.129,81.142,57.084,40.295
164.320,82.097,57.084,40.295
164.511,83.052,57.084,40.295
164.320,84.006,57.084,40.295
164.893,85.343,57.084,40.295
165.084,87.062,57.084,40.295
165.274,88.017,57.084,40.295
165.465,89.354,57.084,40.295
165.656,90.691,57.084,40.295
165.847,92.409,57.084,40.295
166.038,93.364,57.084,40.295
166.611,94.701,57.084,40.295
166.420,96.420,57.084,40.295
165.987,96.569,58.347,41.186
166.182,97.154,58.347,41.186
166.377,98.130,58.347,41.186
166.573,98.716,58.347,41.186
166.768,98.911,58.347,41.186
166.963,99.887,58.347,41.186
166.768,100.863,58.347,41.186
167.353,101.449,58.347,41.186
167.158,102.034,58.347,41.186
166.963,104.181,58.347,41.186
166.768,105.548,58.347,41.186
166.325,105.700,59.638,42.097
166.524,106.697,59.638,42.097
167.123,107.695,59.638,42.097
166.923,108.693,59.638,42.097
166.724,109.291,59.638,42.097
166.524,111.087,59.638,42.097
165.658,111.242,60.957,43.029
166.269,112.670,60.957,43.029
166.065,114.097,60.957,43.029
165.862,114.709,60.957,43.029
166.065,116.952,60.957,43.029
165.454,119.196,60.957,43.029
165.658,119.400,60.957,43.029
165.862,122.051,60.957,43.029
166.065,123.070,60.957,43.029
165.862,125.314,60.957,43.029
165.399,125.896,62.306,43.981
165.607,127.772,62.306,43.981
165.816,127.980,62.306,43.981
166.024,129.022,62.306,43.981
165.399,128.814,62.306,43.981
165.190,130.273,62.306,43.981
164.982,130.065,62.306,43.981
164.773,130.273,62.306,43.981
165.399,131.315,62.306,43.981
165.190,131.524,62.306,43.981
164.982,132.566,62.306,43.981
164.773,132.357,62.306,43.981
164.982,132.566,62.306,43.981
164.773,133.191,62.306,43.981
164.982,132.983,62.306,43.981
164.773,133.191,62.306,43.981
165.399,132.566,62.306,43.981
165.190,131.941,62.306,43.981
164.982,131.315,62.306,43.981
164.773,129.856,62.306,43.981
164.982,128.814,62.306,43.981
163.940,126.938,62.306,43.981
163.314,124.645,62.306,43.981
163.106,121.935,62.306,43.981
162.897,120.059,62.306,43.981
162.689,116.932,62.306,43.981
162.897,115.890,62.306,43.981
162.272,114.431,62.306,43.981
162.481,112.555,62.306,43.981
162.689,111.513,62.306,43.981
163.314,110.471,62.306,43.981
163.523,109.428,62.306,43.981
163.731,109.220,62.306,43.981
163.940,108.594,62.306,43.981
163.314,108.386,62.306,43.981
163.106,107.761,62.306,43.981
162.064,107.135,62.306,43.981
161.438,106.093,62.306,43.981
160.813,105.468,62.306,43.981
160.188,105.259,62.306,43.981
158.312,104.634,62.306,43.981
158.520,103.592,62.306,43.981
158.729,102.133,62.306,43.981
158.937,100.673,62.306,43.981
158.729,100.048,62.306,43.981
159.771,98.589,62.306,43.981
160.396,97.547,62.306,43.981
161.021,96.921,62.306,43.981
160.396,96.713,62.306,43.981
161.021,95.254,62.306,43.981
161.230,94.212,62.306,43.981
161.855,93.586,62.306,43.981
162.064,93.795,62.306,43.981
162.689,93.586,62.306,43.981
164.148,93.378,62.306,43.981
163.940,93.586,62.306,43.981
164.148,93.378,62.306,43.981
164.773,93.586,62.306,43.981
166.233,92.961,62.306,43.981
166.441,93.586,62.306,43.981
167.066,92.961,62.306,43.981
167.026,93.556,63.685,44.954
167.239,92.917,63.685,44.954
166.174,92.703,63.685,44.954
166.387,92.490,63.685,44.954
166.345,93.098,65.094,45.948
166.563,92.445,65.094,45.948
166.627,93.145,63.705,44.969
166.841,92.505,63.705,44.969
167.054,93.145,63.705,44.969
167.267,92.932,63.705,44.969
166.201,92.292,63.705,44.969
166.414,93.358,63.705,44.969
166.201,93.571,63.705,44.969
165.136,92.932,63.705,44.969
166.201,93.145,63.705,44.969
164.709,93.784,63.705,44.969
165.349,93.997,63.705,44.969
164.283,94.211,63.705,44.969
164.496,94.850,63.705,44.969
164.283,94.637,63.705,44.969
164.496,94.424,63.705,44.969
164.709,94.637,63.705,44.969
164.922,93.997,63.705,44.969
165.136,94.211,63.705,44.969
165.775,93.997,63.705,44.969
165.136,93.358,63.705,44.969
165.349,93.145,63.705,44.969
165.136,92.932,63.705,44.969
165.775,92.292,63.705,44.969
165.988,92.505,63.705,44.969
166.201,92.292,63.705,44.969
166.675,91.745,62.347,44.010
166.202,91.474,63.726,44.983
165.562,92.114,63.726,44.983
165.775,91.901,63.726,44.983
165.562,91.687,63.726,44.983
165.078,91.411,65.136,45.979
164.861,91.629,65.136,45.979
165.514,90.975,65.136,45.979
166.168,90.757,65.136,45.979
166.386,90.539,65.136,45.979
166.604,90.321,65.136,45.979
167.258,90.104,65.136,45.979
167.911,89.886,65.136,45.979
169.001,89.668,65.136,45.979
169.219,89.014,65.136,45.979
170.123,89.294,63.747,44.998
170.337,89.081,63.747,44.998
170.976,88.868,63.747,44.998
171.451,89.964,62.388,44.038
171.659,90.173,62.388,44.038
172.285,89.964,62.388,44.038
172.494,90.590,62.388,44.038
173.120,90.799,62.388,44.038
173.329,91.008,62.388,44.038
173.955,90.799,62.388,44.038
173.747,91.425,62.388,44.038
174.139,90.721,63.768,45.013
173.926,90.935,63.768,45.013
174.139,91.148,63.768,45.013
174.352,90.935,63.768,45.013
174.566,91.148,63.768,45.013
174.352,90.935,63.768,45.013
174.139,91.148,63.768,45.013
173.926,91.361,63.768,45.013
173.286,91.575,63.768,45.013
173.072,91.788,63.768,45.013
172.859,92.428,63.768,45.013
172.646,92.641,63.768,45.013
172.859,92.855,63.768,45.013
173.072,93.495,63.768,45.013
173.286,93.708,63.768,45.013
173.499,93.921,63.768,45.013
173.712,94.135,63.768,45.013
173.499,93.921,63.768,45.013
173.712,94.135,63.768,45.013
173.926,93.921,63.768,45.013
175.634,94.607,62.408,44.053
176.260,94.398,62.408,44.053
176.469,93.772,62.408,44.053
177.095,93.563,62.408,44.053
177.304,93.354,62.408,44.053
177.513,93.146,62.408,44.053
178.139,92.937,62.408,44.053
178.348,93.146,62.408,44.053
178.557,92.937,62.408,44.053
179.183,93.146,62.408,44.053
179.392,92.937,62.408,44.053
180.018,93.146,62.408,44.053
180.227,92.937,62.408,44.053
180.436,92.728,62.408,44.053
180.645,92.519,62.408,44.053
181.271,92.310,62.408,44.053
181.480,92.102,62.408,44.053
182.524,91.893,62.408,44.053
182.733,92.519,62.408,44.053
183.359,92.728,62.408,44.053
183.568,92.937,62.408,44.053
183.777,93.146,62.408,44.053
183.985,92.937,62.408,44.053
183.777,93.146,62.408,44.053
184.403,92.937,62.408,44.053
184.612,93.563,62.408,44.053
185.238,93.772,62.408,44.053
185.447,93.981,62.408,44.053
185.656,93.772,62.408,44.053
185.864,94.398,62.408,44.053
185.656,94.190,62.408,44.053
186.282,94.398,62.408,44.053
186.491,94.190,62.408,44.053
186.700,93.981,62.408,44.053
186.908,94.190,62.408,44.053
186.700,93.981,62.408,44.053
187.326,94.190,62.408,44.053
187.535,94.398,62.408,44.053
187.744,95.025,62.408,44.053
187.952,94.816,62.408,44.053
187.326,95.025,62.408,44.053
187.535,94.816,62.408,44.053
187.744,95.442,62.408,44.053
187.952,95.233,62.408,44.053
187.744,95.025,62.408,44.053
188.370,95.233,62.408,44.053
188.579,95.025,62.408,44.053
188.788,94.816,62.408,44.053
188.579,95.442,62.408,44.053
188.370,95.233,62.408,44.053
188.161,95.025,62.408,44.053
187.952,94.816,62.408,44.053
187.744,95.025,62.408,44.053
188.370,94.816,62.408,44.053
188.579,95.442,62.408,44.053
188.788,95.233,62.408,44.053
188.996,95.025,62.408,44.053
188.370,94.816,62.408,44.053
188.161,95.442,62.408,44.053
187.952,95.233,62.408,44.053
188.161,95.025,62.408,44.053
188.370,94.816,62.408,44.053
188.579,95.442,62.408,44.053
188.788,95.234,62.408,44.053
188.996,95.025,62.408,44.053
188.788,94.398,62.408,44.053
188.996,94.607,62.408,44.053
188.788,94.398,62.408,44.053
189.414,94.607,62.408,44.053
189.205,94.816,62.408,44.053
188.996,95.025,62.408,44.053
189.205,94.398,62.408,44.053
189.414,94.607,62.408,44.053
190.040,94.816,62.408,44.053
190.249,95.442,62.408,44.053
191.293,95.233,62.408,44.053
191.084,95.025,62.408,44.053
190.875,94.816,62.408,44.053
190.667,95.442,62.408,44.053
190.458,95.234,62.408,44.053
189.831,94.607,62.408,44.053
189.205,94.398,62.408,44.053
188.579,94.190,62.408,44.053
187.952,93.981,62.408,44.053
186.491,93.772,62.408,44.053
185.864,93.981,62.408,44.053
184.821,93.772,62.408,44.053
183.777,93.981,62.408,44.053
183.568,93.772,62.408,44.053
182.941,94.398,62.408,44.053
182.315,94.190,62.408,44.053
181.689,94.398,62.408,44.053
181.480,94.607,62.408,44.053
180.854,94.816,62.408,44.053
180.227,95.025,62.408,44.053
179.601,94.816,62.408,44.053
179.392,95.025,62.408,44.053
179.183,94.816,62.408,44.053
178.557,95.025,62.408,44.053
178.348,94.816,62.408,44.053
178.139,95.025,62.408,44.053
177.930,94.816,62.408,44.053
177.304,95.442,62.408,44.053
177.513,95.234,62.408,44.053
177.722,95.025,62.408,44.053
177.930,94.816,62.408,44.053
177.722,95.442,62.408,44.053
177.930,95.234,62.408,44.053
177.722,95.025,62.408,44.053
178.766,95.234,62.408,44.053
179.392,95.442,62.408,44.053
179.601,95.651,62.408,44.053
180.227,95.860,62.408,44.053
180.436,96.069,62.408,44.053
181.480,95.860,62.408,44.053
182.524,96.486,62.408,44.053
183.150,96.277,62.408,44.053
183.359,96.069,62.408,44.053
183.985,96.277,62.408,44.053
184.194,96.486,62.408,44.053
184.821,96.695,62.408,44.053
185.447,96.904,62.408,44.053
186.491,97.530,62.408,44.053
187.535,97.321,62.408,44.053
188.579,97.113,62.408,44.053
189.623,96.904,62.408,44.053
191.084,97.113,62.408,44.053
191.293,96.904,62.408,44.053
192.754,97.113,62.408,44.053
194.216,96.486,62.408,44.053
194.842,96.277,62.408,44.053
195.469,96.069,62.408,44.053
197.348,95.860,62.408,44.053
198.392,96.069,62.408,44.053
199.853,95.442,62.408,44.053
200.062,95.234,62.408,44.053
201.524,95.025,62.408,44.053
202.568,94.816,62.408,44.053
203.194,95.442,62.408,44.053
202.568,95.651,62.408,44.053
203.194,95.860,62.408,44.053
202.568,96.069,62.408,44.053
201.941,95.860,62.408,44.053
200.897,96.069,62.408,44.053
199.436,95.860,62.408,44.053
198.392,96.069,62.408,44.053
196.930,95.442,62.408,44.053
195.051,95.234,62.408,44.053
193.590,95.025,62.408,44.053
192.546,94.816,62.408,44.053
191.084,95.025,62.408,44.053
189.205,94.816,62.408,44.053
188.161,94.607,62.408,44.053
186.700,94.398,62.408,44.053
187.164,94.264,61.077,43.113
187.224,94.921,59.775,42.194
186.224,94.721,59.775,42.194
185.624,94.121,59.775,42.194
184.624,93.921,59.775,42.194
184.025,93.721,59.775,42.194
184.225,93.521,59.775,42.194
184.425,93.321,59.775,42.194
184.225,93.921,59.775,42.194
184.025,94.121,59.775,42.194
183.825,93.921,59.775,42.194
183.225,93.721,59.775,42.194
183.025,93.121,59.775,42.194
182.025,92.921,59.775,42.194
181.425,92.321,59.775,42.194
181.225,91.721,59.775,42.194
181.025,89.122,59.775,42.194
180.425,88.522,59.775,42.194
180.225,86.722,59.775,42.194
180.425,85.322,59.775,42.194
180.625,84.722,59.775,42.194
179.625,84.122,59.775,42.194
179.825,83.522,59.775,42.194
180.025,82.922,59.775,42.194
179.825,82.722,59.775,42.194
180.025,82.522,59.775,42.194
179.825,82.322,59.775,42.194
180.025,82.522,59.775,42.194
180.225,81.922,59.775,42.194
180.425,81.322,59.775,42.194
180.625,81.122,59.775,42.194
180.425,80.523,59.775,42.194
180.625,79.923,59.775,42.194
180.025,79.723,59.775,42.194
180.225,79.523,59.775,42.194
180.425,79.323,59.775,42.194
181.025,79.523,59.775,42.194
181.855,80.165,58.500,41.294
181.659,80.752,58.500,41.294
181.464,82.122,58.500,41.294
181.268,83.101,58.500,41.294
181.072,84.471,58.500,41.294
181.659,85.841,58.500,41.294
181.215,86.806,59.794,42.208
180.615,88.206,59.794,42.208
180.015,90.406,59.794,42.208
179.815,91.006,59.794,42.208
179.615,93.607,59.794,42.208
179.015,95.007,59.794,42.208
178.815,97.208,59.794,42.208
178.615,98.608,59.794,42.208
178.015,99.608,59.794,42.208
177.814,101.009,59.794,42.208
177.614,103.209,59.794,42.208
177.414,104.610,59.794,42.208
177.614,105.610,59.794,42.208
176.614,107.810,59.794,42.208
176.014,110.411,59.794,42.208
175.414,112.611,59.794,42.208
175.214,115.612,59.794,42.208
173.515,117.428,61.117,43.142
172.901,120.904,61.117,43.142
172.288,121.926,61.117,43.142
172.083,124.585,61.117,43.142
171.470,126.016,61.117,43.142
169.733,126.599,62.470,44.096
168.688,128.480,62.470,44.096
168.061,128.271,62.470,44.096
166.598,128.062,62.470,44.096
165.553,127.853,62.470,44.096
164.926,127.644,62.470,44.096
164.299,127.017,62.470,44.096
163.672,125.554,62.470,44.096
163.045,125.345,62.470,44.096
162.000,124.300,62.470,44.096
160.955,123.673,62.470,44.096
160.328,123.046,62.470,44.096
160.537,122.001,62.470,44.096
160.746,120.956,62.470,44.096
160.955,119.911,62.470,44.096
160.328,119.702,62.470,44.096
160.537,119.911,62.470,44.096
161.582,121.792,62.470,44.096
161.373,121.583,62.470,44.096
161.164,120.538,62.470,44.096
160.119,117.821,62.470,44.096
159.075,115.940,62.470,44.096
157.194,113.642,62.470,44.096
154.477,111.761,62.470,44.096
151.760,111.552,62.470,44.096
150.418,111.714,63.852,45.072
149.777,112.782,63.852,45.072
149.564,114.278,63.852,45.072
151.059,114.919,63.852,45.072
152.127,116.841,63.852,45.072
153.622,117.482,63.852,45.072
153.836,117.696,63.852,45.072
154.050,117.482,63.852,45.072
154.690,116.414,63.852,45.072
154.050,114.491,63.852,45.072
153.836,112.569,63.852,45.072
152.465,110.075,65.265,46.069
151.810,107.674,65.265,46.069
151.155,107.019,65.265,46.069
150.500,105.490,65.265,46.069
149.845,104.835,65.265,46.069
149.190,104.617,65.265,46.069
148.535,103.962,65.265,46.069
147.006,103.743,65.265,46.069
146.788,103.962,65.265,46.069
145.696,104.180,65.265,46.069
145.041,103.088,65.265,46.069
144.386,101.560,65.265,46.069
143.294,100.468,65.265,46.069
142.799,98.826,66.708,47.088
141.366,97.610,68.184,48.130
141.138,96.470,68.184,48.130
140.910,95.786,68.184,48.130
141.594,95.557,68.184,48.130
142.735,95.786,68.184,48.130
142.963,97.839,68.184,48.130
141.822,98.523,68.184,48.130
142.051,97.839,68.184,48.130
141.060,97.069,69.693,49.195
140.827,95.437,69.693,49.195
139.194,94.272,69.693,49.195
138.029,92.639,69.693,49.195
137.329,91.940,69.693,49.195
137.096,90.774,69.693,49.195
136.863,90.541,69.693,49.195
137.096,90.774,69.693,49.195
137.795,93.339,69.693,49.195
138.029,95.437,69.693,49.195
137.795,97.536,69.693,49.195
137.266,97.233,71.235,50.283
136.231,97.419,72.811,51.396
134.667,96.598,74.422,52.533
134.916,96.349,74.422,52.533
133.174,96.100,74.422,52.533
133.920,95.851,74.422,52.533
133.174,94.108,74.422,52.533
132.925,93.361,74.422,52.533
132.178,93.112,74.422,52.533
133.211,93.912,72.835,51.413
134.429,94.643,72.835,51.413
136.622,95.374,72.835,51.413
138.816,96.105,72.835,51.413
141.009,97.324,72.835,51.413
141.252,97.567,72.835,51.413
141.496,98.298,72.835,51.413
141.252,98.055,72.835,51.413
140.521,98.298,72.835,51.413
139.303,97.080,72.835,51.413
137.597,96.836,72.835,51.413
133.455,96.593,72.835,51.413
132.236,96.836,72.835,51.413
130.043,99.517,72.835,51.413
127.850,101.222,72.835,51.413
126.792,102.929,74.446,52.550
127.826,103.729,72.859,51.430
129.044,104.460,72.859,51.430
129.776,104.704,72.859,51.430
129.044,104.948,72.859,51.430
128.313,105.192,72.859,51.430
127.582,104.948,72.859,51.430
128.313,104.217,72.859,51.430
131.482,103.485,72.859,51.430
132.701,102.267,72.859,51.430
133.432,102.510,72.859,51.430
136.113,102.267,72.859,51.430
136.066,101.445,74.471,52.568
140.301,101.196,74.471,52.568
141.049,101.445,74.471,52.568
142.793,100.697,74.471,52.568
142.045,100.947,74.471,52.568
140.301,100.697,74.471,52.568
135.069,99.950,74.471,52.568
133.824,100.697,74.471,52.568
130.585,101.943,74.471,52.568
129.339,104.684,74.471,52.568
128.592,106.926,74.471,52.568
128.841,108.172,74.471,52.568
129.090,108.919,74.471,52.568
128.841,109.667,74.471,52.568
127.097,109.916,74.471,52.568
125.353,110.663,74.471,52.568
122.612,110.912,74.471,52.568
123.646,112.193,72.883,51.447
123.093,111.371,74.495,52.585
123.841,110.624,74.495,52.585
124.090,109.876,74.495,52.585
124.339,109.128,74.495,52.585
123.591,108.380,74.495,52.585
122.345,106.137,74.495,52.585
119.604,104.393,74.495,52.585
116.862,101.651,74.495,52.585
111.629,99.907,74.495,52.585
106.395,98.162,74.495,52.585
100.141,96.288,76.143,53.748
96.320,95.014,76.143,53.748
93.517,93.740,76.143,53.748
91.225,92.466,76.143,53.748
91.480,92.212,76.143,53.748
91.734,91.448,76.143,53.748
91.989,91.193,76.143,53.748
92.244,90.938,76.143,53.748
91.480,90.683,76.143,53.748
89.696,89.919,76.143,53.748
88.932,90.174,76.143,53.748
89.187,89.919,76.143,53.748
89.951,89.664,76.143,53.748
90.206,89.410,76.143,53.748
90.461,89.664,76.143,53.748
90.206,89.919,76.143,53.748
90.461,90.174,76.143,53.748
90.206,90.429,76.143,53.748
89.442,90.683,76.143,53.748
84.092,90.429,76.143,53.748
82.309,90.683,76.143,53.748
76.450,89.919,76.143,53.748
70.081,89.155,76.143,53.748
68.808,88.900,76.143,53.748
67.534,88.645,76.143,53.748
67.789,88.900,76.143,53.748
73.138,90.174,76.143,53.748
81.035,92.976,76.143,53.748
89.442,94.759,76.143,53.748
96.320,97.052,76.143,53.748
101.160,98.835,76.143,53.748
99.886,98.580,76.143,53.748
97.593,99.854,76.143,53.748
92.244,99.090,76.143,53.748
91.480,98.326,76.143,53.748
90.206,97.561,76.143,53.748
90.461,97.816,76.143,53.748
91.225,97.561,76.143,53.748
95.555,98.835,76.143,53.748
97.848,99.090,76.143,53.748
101.160,99.344,76.143,53.748
104.471,100.109,76.143,53.748
105.479,99.778,77.828,54.937
110.947,100.039,77.828,54.937
113.811,99.778,77.828,54.937
120.320,101.601,77.828,54.937
126.309,102.382,77.828,54.937
126.799,101.504,79.550,56.153
128.130,101.238,79.550,56.153
128.396,100.972,79.550,56.153
128.130,100.706,79.550,56.153
127.526,100.361,81.310,57.395
129.430,99.545,81.310,57.395
135.686,98.729,81.310,57.395
143.575,98.457,81.310,57.395
151.464,98.185,81.310,57.395
158.265,99.001,81.310,57.395
162.889,99.817,81.310,57.395
163.965,99.464,83.109,58.665
168.692,100.298,83.109,58.665
173.419,101.132,83.109,58.665
177.033,103.079,83.109,58.665
182.316,103.913,83.109,58.665
186.487,104.747,83.109,58.665
190.657,105.581,83.109,58.665
194.828,105.859,83.109,58.665
199.555,105.581,83.109,58.665
203.725,105.303,83.109,58.665
207.340,104.469,83.109,58.665
210.398,104.191,83.109,58.665
215.125,103.357,83.109,58.665
216.515,103.079,83.109,58.665
220.686,103.357,83.109,58.665
222.632,103.079,83.109,58.665
223.467,103.913,83.109,58.665
223.745,103.635,83.109,58.665
225.135,103.357,83.109,58.665
223.927,102.419,84.948,59.963
222.103,101.461,86.827,61.290
220.841,100.482,88.748,62.646
220.544,101.372,88.748,62.646
222.028,101.075,88.748,62.646
221.731,100.779,88.748,62.646
220.841,101.075,88.748,62.646
219.356,101.966,88.748,62.646
217.278,101.669,88.748,62.646
211.637,101.966,88.748,62.646
206.589,101.669,88.748,62.646
204.511,100.779,88.748,62.646
201.838,99.294,88.748,62.646
200.948,98.997,88.748,62.646
200.651,99.294,88.748,62.646
200.354,101.372,88.748,62.646
198.869,102.857,88.748,62.646
197.240,103.811,86.856,61.310
189.976,103.520,86.856,61.310
187.360,102.649,86.856,61.310
178.352,101.777,86.856,61.310
172.250,100.905,86.856,61.310
167.310,99.452,86.856,61.310
164.695,99.162,86.856,61.310
162.540,99.535,85.004,60.003
158.275,98.682,85.004,60.003
155.618,99.048,83.191,58.723
150.330,99.326,83.191,58.723
146.155,98.491,83.191,58.723
143.093,98.213,83.191,58.723
139.475,97.378,83.191,58.723
137.527,97.100,83.191,58.723
133.909,97.935,83.191,58.723
129.734,97.656,83.191,58.723
128.899,97.378,83.191,58.723
126.394,97.656,83.191,58.723
123.453,97.873,85.031,60.022
121.462,98.726,85.031,60.022
119.470,100.149,85.031,60.022
117.479,102.140,85.031,60.022
115.488,102.994,85.031,60.022
113.496,103.847,85.031,60.022
112.074,104.131,85.031,60.022
110.082,103.847,85.031,60.022
108.091,102.425,85.031,60.022
106.100,102.140,85.031,60.022
102.971,101.856,85.031,60.022
102.117,102.140,85.031,60.022
100.695,102.425,85.031,60.022
100.410,101.571,85.031,60.022
100.695,100.149,85.031,60.022
100.979,99.295,85.031,60.022
101.833,98.442,85.031,60.022
102.686,98.726,85.031,60.022
102.971,100.718,85.031,60.022
103.824,106.123,85.031,60.022
103.540,110.390,85.031,60.022
102.686,113.519,85.031,60.022
102.402,113.804,85.031,60.022
100.979,114.657,85.031,60.022
100.695,113.804,85.031,60.022
99.459,111.074,86.913,61.350
99.168,102.641,86.913,61.350
99.459,95.954,86.913,61.350
100.331,91.011,86.913,61.350
100.622,86.649,86.913,61.350
100.913,83.451,86.913,61.350
102.367,81.415,86.913,61.350
106.728,81.124,86.913,61.350
107.601,82.578,86.913,61.350
110.799,88.103,86.913,61.350
111.671,94.209,86.913,61.350
111.962,100.897,86.913,61.350
111.090,107.584,86.913,61.350
110.217,109.620,86.913,61.350
109.927,110.492,86.913,61.350
109.054,110.201,86.913,61.350
108.764,108.748,86.913,61.350
107.500,105.957,88.836,62.708
106.609,101.499,88.836,62.708
105.318,98.647,90.801,64.095
103.368,91.319,92.810,65.513
103.678,86.041,92.810,65.513
103.989,83.246,92.810,65.513
104.299,77.968,92.810,65.513
105.231,77.036,92.810,65.513
106.783,77.968,92.810,65.513
108.336,82.625,92.810,65.513
111.751,89.146,92.810,65.513
113.925,95.666,92.810,65.513
115.797,96.552,94.864,66.963
117.384,96.870,94.864,66.963
118.336,96.552,94.864,66.963
118.654,94.331,94.864,66.963
119.606,90.840,94.864,66.963
119.923,87.983,94.864,66.963
120.240,84.492,94.864,66.963
119.923,81.001,94.864,66.963
118.544,79.273,96.962,68.444
117.571,77.002,96.962,68.444
115.489,74.562,99.108,69.958
115.820,72.904,99.108,69.958
116.152,71.246,99.108,69.958
115.157,68.925,99.108,69.958
114.405,66.431,101.301,71.506
114.066,65.415,101.301,71.506
113.727,65.753,101.301,71.506
116.099,67.448,101.301,71.506
116.438,74.565,101.301,71.506
116.777,81.682,101.301,71.506
117.794,88.799,101.301,71.506
119.489,91.849,101.301,71.506
119.827,94.899,101.301,71.506
120.166,95.916,101.301,71.506
117.991,94.773,103.542,73.088
117.644,92.348,103.542,73.088
117.298,89.231,103.542,73.088
115.793,84.469,105.833,74.705
115.724,79.602,108.174,76.358
116.086,76.345,108.174,76.358
116.448,72.364,108.174,76.358
117.534,67.659,108.174,76.358
118.620,66.573,108.174,76.358
118.982,66.935,108.174,76.358
119.344,70.192,108.174,76.358
118.982,79.240,108.174,76.358
118.620,89.011,108.174,76.358
117.534,100.230,108.174,76.358
117.172,111.449,108.174,76.358
114.849,118.489,110.568,78.048
113.739,117.380,110.568,78.048
112.630,112.571,110.568,78.048
110.255,105.951,113.014,79.774
108.365,96.498,113.014,79.774
107.230,88.558,113.014,79.774
106.852,79.862,113.014,79.774
107.986,71.166,113.014,79.774
107.913,67.538,115.514,81.539
108.300,65.606,115.514,81.539
108.686,65.992,115.514,81.539
107.527,71.016,115.514,81.539
104.821,79.904,115.514,81.539
101.539,90.630,118.070,83.344
99.564,101.295,118.070,83.344
96.209,111.438,120.682,85.188
93.617,115.941,123.352,87.072
90.111,115.406,126.082,88.999
88.846,109.079,126.082,88.999
87.581,98.534,126.082,88.999
83.998,86.609,128.871,90.968
83.567,75.830,128.871,90.968
83.135,67.638,128.871,90.968
81.842,62.896,128.871,90.968
79.074,60.548,131.722,92.981
77.752,62.751,131.722,92.981
75.549,72.005,131.722,92.981
74.227,83.904,131.722,92.981
72.312,96.134,134.637,95.038
71.290,104.897,137.616,97.140
70.830,107.199,137.616,97.140
67.875,104.691,140.660,99.290
66.463,95.750,140.660,99.290
65.992,83.044,140.660,99.290
66.463,69.397,140.660,99.290
67.875,57.633,140.660,99.290
68.345,50.574,140.660,99.290
68.816,44.456,140.660,99.290
68.345,42.103,140.660,99.290
66.933,40.692,140.660,99.290
66.463,42.103,140.660,99.290
65.051,47.280,140.660,99.290
64.580,59.985,140.660,99.290
63.169,71.750,140.660,99.290
60.148,84.810,143.773,101.486
57.743,95.873,143.773,101.486
56.300,102.126,143.773,101.486
53.212,102.501,146.954,103.732
52.721,99.059,146.954,103.732
51.246,88.735,146.954,103.732
51.738,76.444,146.954,103.732
52.229,64.153,146.954,103.732
52.721,53.828,146.954,103.732
53.212,47.437,146.954,103.732
53.704,42.029,146.954,103.732
54.196,40.554,146.954,103.732
53.704,41.046,146.954,103.732
53.212,50.387,146.954,103.732
51.077,63.011,150.205,106.027
50.574,76.579,150.205,106.027
48.391,91.569,153.528,108.373
46.160,104.758,156.925,110.771
43.535,111.583,156.925,110.771
40.165,111.992,160.397,113.221
39.628,108.235,160.397,113.221
39.092,98.040,160.397,113.221
37.874,81.755,163.946,115.726
37.767,66.249,167.573,118.287
39.449,55.597,167.573,118.287
43.374,47.188,167.573,118.287
45.056,44.384,167.573,118.287
45.616,41.581,167.573,118.287
46.177,43.263,167.573,118.287
45.616,55.036,167.573,118.287
46.177,66.809,167.573,118.287
46.737,81.946,167.573,118.287
45.465,95.179,171.281,120.904
44.892,103.774,171.281,120.904
41.214,107.787,175.070,123.579
40.628,102.516,175.070,123.579
38.084,93.249,178.944,126.313
38.683,77.085,178.944,126.313
40.479,60.921,178.944,126.313
43.472,45.955,178.944,126.313
45.268,35.777,178.944,126.313
45.866,30.389,178.944,126.313
46.465,26.199,178.944,126.313
45.866,26.798,178.944,126.313
45.268,35.777,178.944,126.313
44.669,49.547,178.944,126.313
44.070,64.513,178.944,126.313
42.274,78.282,178.944,126.313
40.478,86.065,178.944,126.313
38.683,87.861,178.944,126.313
36.082,83.358,182.903,129.108
34.246,72.956,182.903,129.108
33.634,57.658,182.903,129.108
35.470,44.808,182.903,129.108
36.082,30.734,182.903,129.108
39.141,22.779,182.903,129.108
39.753,17.272,182.903,129.108
41.589,14.213,182.903,129.108
42.201,13.601,182.903,129.108
41.589,20.332,182.903,129.108
40.977,34.406,182.903,129.108
40.365,49.703,182.903,129.108
37.707,65.416,186.949,131.964
38.332,81.052,186.949,131.964
37.707,91.685,186.949,131.964
36.288,92.172,191.086,134.884
35.648,92.811,191.086,134.884
36.288,85.779,191.086,134.884
36.927,71.075,191.086,134.884
37.566,57.650,191.086,134.884
38.206,48.061,191.086,134.884
38.845,39.750,191.086,134.884
37.394,34.942,195.313,137.868
35.912,32.739,199.635,140.919
36.579,34.742,199.635,140.919
37.247,50.104,199.635,140.919
37.915,62.794,199.635,140.919
37.247,75.483,199.635,140.919
36.579,84.166,199.635,140.919
35.912,83.498,199.635,140.919
35.244,80.159,199.635,140.919
34.576,70.140,199.635,140.919
35.244,60.122,199.635,140.919
35.912,51.440,199.635,140.919
37.915,44.093,199.635,140.919
38.583,40.753,199.635,140.919
39.251,38.750,199.635,140.919
40.736,42.184,195.377,137.914
40.082,61.139,195.377,137.914
39.429,77.480,195.377,137.914
38.775,92.514,195.377,137.914
36.814,94.475,195.377,137.914
36.160,92.514,195.377,137.914
36.814,82.709,195.377,137.914
39.527,72.209,191.211,134.972
43.416,59.467,187.133,132.094
47.798,47.572,187.133,132.094
50.929,34.425,187.133,132.094
57.148,30.402,183.143,129.277
58.986,24.888,183.143,129.277
61.529,25.676,179.237,126.520
64.528,28.674,179.237,126.520
66.327,43.665,179.237,126.520
69.972,50.216,175.415,123.822
70.558,60.193,175.415,123.822
72.319,61.953,175.415,123.822
74.755,63.839,171.674,121.182
76.478,60.967,171.674,121.182
78.201,50.055,171.674,121.182
81.692,43.043,168.013,118.597
85.109,31.847,164.430,116.068
89.513,28.313,160.924,113.593
95.900,23.816,157.492,111.171
97.480,24.343,157.492,111.171
101.699,31.114,154.133,108.800
102.214,44.006,154.133,108.800
102.730,58.960,154.133,108.800
103.246,71.851,154.133,108.800
102.730,85.774,154.133,108.800
103.246,95.572,154.133,108.800
103.761,95.056,154.133,108.800
103.246,91.446,154.133,108.800
104.793,74.430,154.133,108.800
108.921,64.158,150.846,106.480
114.908,52.160,147.630,104.209
117.910,42.322,144.481,101.987
122.712,33.626,141.400,99.812
124.131,31.261,141.400,99.812
125.550,28.895,141.400,99.812
126.023,29.368,141.400,99.812
128.899,39.096,138.385,97.683
129.362,51.596,138.385,97.683
130.750,65.022,138.385,97.683
133.991,78.448,138.385,97.683
135.380,91.875,138.385,97.683
135.843,101.597,138.385,97.683
135.380,100.208,138.385,97.683
134.917,94.189,138.385,97.683
133.528,78.911,138.385,97.683
133.991,66.411,138.385,97.683
135.380,53.911,138.385,97.683
140.872,42.904,135.434,95.600
144.500,33.879,132.546,93.562
144.056,29.888,132.546,93.562
147.606,28.749,129.719,91.566
147.172,30.050,129.719,91.566
145.871,36.560,129.719,91.566
146.835,47.994,126.953,89.614
145.561,60.311,126.953,89.614
145.136,71.778,126.953,89.614
148.110,84.095,126.953,89.614
147.685,95.563,126.953,89.614
146.411,95.988,126.953,89.614
145.986,95.563,126.953,89.614
144.712,91.740,126.953,89.614
144.837,80.005,124.245,87.703
144.422,71.276,124.245,87.703
146.948,61.394,121.596,85.832
148.637,54.859,119.003,84.002
150.290,49.999,116.465,82.211
152.658,46.745,113.981,80.457
152.277,45.601,113.981,80.457
153.125,46.826,111.551,78.742
153.235,51.622,109.172,77.062
152.870,61.484,109.172,77.062
151.774,69.884,109.172,77.062
151.409,79.015,109.172,77.062
152.504,88.146,109.172,77.062
151.409,91.433,109.172,77.062
151.043,91.068,109.172,77.062
149.948,89.242,109.172,77.062
150.760,81.263,106.844,75.419
148.973,73.041,106.844,75.419
148.615,65.535,106.844,75.419
150.402,59.458,106.844,75.419
152.190,56.956,106.844,75.419
151.832,56.599,106.844,75.419
150.760,58.386,106.844,75.419
150.402,68.037,106.844,75.419
152.190,77.688,106.844,75.419
151.832,88.054,106.844,75.419
151.475,98.420,106.844,75.419
152.547,103.782,106.844,75.419
152.190,104.139,106.844,75.419
151.832,103.067,106.844,75.419
152.190,95.561,106.844,75.419
156.430,87.063,104.565,73.811
157.479,82.515,104.565,73.811
160.280,76.221,102.335,72.237
161.992,72.455,102.335,72.237
164.388,69.374,102.335,72.237
169.109,69.154,100.153,70.696
169.208,70.231,98.017,69.189
168.880,74.494,98.017,69.189
168.553,82.692,98.017,69.189
168.225,89.578,98.017,69.189
170.850,96.953,95.927,67.713
173.420,100.459,93.881,66.269
174.118,101.468,91.879,64.856
174.209,100.679,89.920,63.473
174.877,92.947,88.002,62.119
176.100,85.947,86.126,60.795
176.740,81.874,84.289,59.498
178.998,78.431,82.491,58.229
178.722,76.500,82.491,58.229
180.654,76.224,82.491,58.229
179.826,77.052,82.491,58.229
178.998,82.847,82.491,58.229
179.826,89.195,82.491,58.229
182.035,95.402,80.732,56.988
183.157,98.873,79.011,55.772
183.235,99.722,77.326,54.583
183.810,99.556,75.677,53.419
183.397,95.489,74.063,52.280
183.470,91.509,72.484,51.165
182.257,88.842,72.484,51.165
181.530,87.629,72.484,51.165
180.802,86.902,72.484,51.165
178.135,86.659,72.484,51.165
175.468,87.387,72.484,51.165
171.830,91.024,72.484,51.165
170.499,92.271,70.938,50.074
170.570,94.863,69.425,49.006
171.981,99.192,67.945,47.961
178.621,100.360,66.496,46.938
184.183,102.807,66.496,46.938
190.634,103.475,66.496,46.938
197.086,104.587,66.496,46.938
203.092,104.365,66.496,46.938
208.654,105.477,66.496,46.938
214.215,106.144,66.496,46.938
218.887,107.257,66.496,46.938
223.114,108.814,66.496,46.938
227.341,109.926,66.496,46.938
229.788,110.594,66.496,46.938
227.341,110.816,66.496,46.938
231.695,111.960,65.078,45.937
230.606,112.178,65.078,45.937
229.518,112.395,65.078,45.937
227.994,112.613,65.078,45.937
224.293,111.960,65.078,45.937
221.027,111.307,65.078,45.937
216.019,111.089,65.078,45.937
211.883,110.436,65.078,45.937
208.617,109.783,65.078,45.937
203.174,108.694,65.078,45.937
198.166,107.606,65.078,45.937
194.030,106.517,65.078,45.937
188.587,106.299,65.078,45.937
184.450,105.211,65.078,45.937
179.442,103.687,65.078,45.937
176.177,100.856,65.078,45.937
171.605,100.203,65.078,45.937
168.339,99.114,65.078,45.937
165.465,98.555,63.690,44.957
164.707,96.775,62.332,43.999
163.664,96.567,62.332,43.999
161.787,95.941,62.332,43.999
161.849,96.209,61.002,43.060
160.828,95.597,61.002,43.060
160.216,95.801,61.002,43.060
160.277,96.064,59.701,42.142
160.077,96.263,59.701,42.142
159.478,96.463,59.701,42.142
159.278,96.263,59.701,42.142
159.078,96.863,59.701,42.142
159.278,97.062,59.701,42.142
160.107,97.704,58.428,41.243
160.302,97.900,58.428,41.243
161.491,98.528,57.182,40.364
162.065,99.484,57.182,40.364
164.169,100.441,57.182,40.364
164.529,100.590,58.447,41.257
167.071,101.567,58.447,41.257
167.657,102.545,58.447,41.257
169.026,103.914,58.447,41.257
170.004,106.847,58.447,41.257
172.546,108.607,58.447,41.257
174.697,110.367,58.447,41.257
177.630,112.518,58.447,41.257
178.999,113.104,58.447,41.257
179.976,116.037,58.447,41.257
182.127,117.406,58.447,41.257
184.278,118.775,58.447,41.257
186.429,120.143,58.447,41.257
187.618,121.526,57.201,40.377
189.340,123.248,57.201,40.377
192.593,124.588,57.201,40.377
194.863,126.309,55.981,39.516
196.174,127.246,55.981,39.516
197.485,128.182,55.981,39.516
199.171,129.868,55.981,39.516
200.107,130.055,55.981,39.516
201.793,129.868,55.981,39.516
202.931,129.025,54.787,38.673
206.165,128.908,53.619,37.849
207.780,128.370,53.619,37.849
209.216,127.909,52.476,37.042
212.201,127.031,52.476,37.042
213.429,126.504,52.476,37.042
214.658,125.626,52.476,37.042
217.292,125.451,52.476,37.042
216.414,126.329,52.476,37.042
219.512,127.231,51.357,36.252
218.900,127.783,50.261,35.479
221.086,127.952,50.261,35.479
221.136,129.464,49.189,34.722
221.502,130.310,48.141,33.982
221.985,131.760,48.141,33.982
224.827,131.967,47.114,33.257
224.038,132.125,47.114,33.257
226.088,131.967,47.114,33.257
225.299,131.494,47.114,33.257
226.258,130.785,46.109,32.548
225.486,130.014,46.109,32.548
225.949,129.860,46.109,32.548
225.795,128.780,46.109,32.548
229.111,127.491,45.126,31.854
228.357,126.133,45.126,31.854
229.111,123.868,45.126,31.854
228.357,122.509,45.126,31.854
230.017,122.358,45.126,31.854
228.658,122.208,45.126,31.854
229.715,122.057,45.126,31.854
229.262,121.906,45.126,31.854
228.809,122.057,45.126,31.854
230.600,122.833,44.164,31.174
229.270,122.980,44.164,31.174
228.532,123.719,44.164,31.174
228.291,124.194,43.222,30.509
228.146,124.628,43.222,30.509
228.746,125.371,42.300,29.859
232.062,125.826,41.398,29.222
232.477,126.242,41.398,29.222
232.893,126.657,41.398,29.222
233.585,126.242,41.398,29.222
232.339,126.380,41.398,29.222
229.153,126.519,41.398,29.222
226.799,125.826,41.398,29.222
222.505,125.965,41.398,29.222
218.766,126.103,41.398,29.222
216.134,125.965,41.398,29.222
213.226,125.826,41.398,29.222
210.317,125.411,41.398,29.222
206.855,124.995,41.398,29.222
206.163,124.857,41.398,29.222
205.402,125.569,40.515,28.599
204.920,125.743,39.651,27.989
204.257,125.876,39.651,27.989
203.063,126.008,39.651,27.989
203.195,125.610,39.651,27.989
202.532,125.743,39.651,27.989
202.665,125.876,39.651,27.989
203.063,126.274,39.651,27.989
203.869,126.444,38.806,27.392
205.409,126.861,37.978,26.808
206.044,126.988,37.978,26.808
206.426,126.861,37.978,26.808
207.569,126.480,37.978,26.808
208.097,126.399,37.168,26.236
208.470,125.528,37.168,26.236
208.594,125.404,37.168,26.236
210.708,125.528,37.168,26.236
212.076,127.393,37.168,26.236
213.692,129.259,37.168,26.236
213.926,132.194,37.991,26.817
214.307,133.846,37.991,26.817
213.491,136.582,38.831,27.410
213.362,138.271,38.831,27.410
213.232,141.259,38.831,27.410
212.582,142.428,38.831,27.410
212.192,142.298,38.831,27.410
211.803,142.428,38.831,27.410
212.192,142.558,38.831,27.410
214.401,142.428,38.831,27.410
215.830,142.298,38.831,27.410
216.739,142.168,38.831,27.410
217.649,143.078,38.831,27.410
218.818,143.467,38.831,27.410
219.871,142.760,39.690,28.017
222.128,142.893,39.690,28.017
222.792,142.494,39.690,28.017
222.215,141.771,40.568,28.636
225.337,142.450,40.568,28.636
225.201,143.400,40.568,28.636
228.594,147.064,40.568,28.636
227.373,152.629,40.568,28.636
225.608,160.908,40.568,28.636
222.215,174.344,40.568,28.636
