310.000,102.000,39.000,50.000
309.910,101.690,38.168,48.934
308.712,100.150,38.168,48.934
306.830,98.952,38.168,48.934
305.974,98.439,38.168,48.934
303.065,96.899,38.168,48.934
302.551,96.043,38.168,48.934
301.696,94.845,38.168,48.934
299.813,92.620,38.168,48.934
298.958,91.765,38.168,48.934
297.075,90.909,38.168,48.934
296.220,90.396,38.168,48.934
295.706,89.882,38.168,48.934
295.535,89.027,38.168,48.934
293.995,87.829,38.168,48.934
292.797,86.631,38.168,48.934
292.626,86.117,38.168,48.934
291.428,85.262,38.168,48.934
290.572,84.406,38.168,48.934
290.059,84.235,38.168,48.934
288.176,83.721,38.168,48.934
287.663,82.866,38.168,48.934
286.807,82.695,38.168,48.934
286.294,82.524,38.168,48.934
284.069,83.037,38.168,48.934
283.213,82.524,38.168,48.934
281.673,82.695,38.168,48.934
280.363,81.621,39.013,50.016
278.789,81.446,39.013,50.016
276.865,81.621,39.013,50.016
275.990,80.746,39.013,50.016
273.017,79.871,39.013,50.016
270.043,79.697,39.013,50.016
269.067,79.688,39.876,51.123
267.458,79.509,39.876,51.123
265.849,79.330,39.876,51.123
264.240,79.151,39.876,51.123
262.988,78.973,39.876,51.123
261.022,79.151,39.876,51.123
260.485,79.688,39.876,51.123
258.161,80.939,39.876,51.123
256.194,80.760,39.876,51.123
255.658,81.654,39.876,51.123
252.805,81.274,40.758,52.254
252.623,82.919,40.758,52.254
250.247,82.736,40.758,52.254
249.333,82.919,40.758,52.254
248.785,82.736,40.758,52.254
248.602,82.554,40.758,52.254
248.054,82.371,40.758,52.254
247.793,81.224,41.660,53.410
247.979,80.664,41.660,53.410
248.100,78.716,42.582,54.592
249.818,75.852,42.582,54.592
250.773,74.898,42.582,54.592
254.400,72.034,42.582,54.592
256.500,70.316,42.582,54.592
261.274,66.306,42.582,54.592
264.901,63.061,42.582,54.592
266.619,61.342,42.582,54.592
272.156,58.097,42.582,54.592
273.493,55.615,42.582,54.592
278.647,54.278,42.582,54.592
283.420,51.414,42.582,54.592
285.139,50.078,42.582,54.592
289.530,48.742,42.582,54.592
290.485,47.405,42.582,54.592
294.876,46.832,42.582,54.592
298.503,45.496,42.582,54.592
299.840,44.541,42.582,54.592
301.940,43.587,42.582,54.592
305.949,42.250,42.582,54.592
306.140,39.768,42.582,54.592
310.531,38.432,42.582,54.592
313.013,37.477,42.582,54.592
313.968,36.904,42.582,54.592
315.686,35.568,42.582,54.592
316.641,34.613,42.582,54.592
317.977,33.659,42.582,54.592
318.550,31.940,42.582,54.592
317.881,29.950,43.524,55.800
320.027,28.974,43.524,55.800
319.832,27.999,43.524,55.800
320.027,26.242,43.524,55.800
320.223,24.096,43.524,55.800
320.122,24.126,42.596,54.610
319.549,23.553,42.596,54.610
318.880,21.959,43.538,55.818
318.294,22.544,43.538,55.818
317.709,22.739,43.538,55.818
318.737,23.146,42.610,54.628
317.400,24.484,42.610,54.628
316.827,24.293,42.610,54.628
316.254,24.102,42.610,54.628
316.063,24.675,42.610,54.628
315.965,24.705,41.701,53.463
315.778,25.640,41.701,53.463
312.795,26.794,42.624,54.646
313.802,28.298,41.715,53.480
314.066,30.130,40.825,52.340
313.151,30.679,40.825,52.340
313.334,31.960,40.825,52.340
313.151,33.608,40.825,52.340
313.057,33.637,39.954,51.224
315.386,37.399,39.954,51.224
313.415,36.861,39.954,51.224
313.953,36.324,39.954,51.224
314.490,37.936,39.954,51.224
314.311,37.399,39.954,51.224
314.564,37.772,39.102,50.131
314.812,38.476,38.269,49.062
314.211,37.755,39.115,50.148
315.052,35.926,39.981,51.257
315.540,34.429,40.865,52.391
318.654,34.979,40.865,52.391
347.667,20.903,41.769,53.550
341.959,21.282,42.694,54.735
339.853,22.622,42.694,54.735
333.536,23.196,42.694,54.735
332.331,23.595,41.783,53.568
325.455,33.693,42.708,54.753
324.880,32.735,42.708,54.753
323.540,32.161,42.708,54.753
327.944,36.948,42.708,54.753
328.519,37.905,42.708,54.753
330.242,40.395,42.708,54.753
330.050,41.735,42.708,54.753
330.625,42.309,42.708,54.753
331.582,44.033,42.708,54.753
329.719,44.023,43.652,55.965
331.128,45.186,42.722,54.771
288.030,19.327,42.722,54.771
286.085,19.357,41.810,53.603
284.398,18.420,41.810,53.603
279.711,17.107,41.810,53.603
278.774,17.295,41.810,53.603
274.087,15.233,41.810,53.603
271.485,13.667,42.736,54.789
269.378,12.709,42.736,54.789
264.587,12.518,42.736,54.789
261.928,11.713,43.681,56.001
258.207,10.734,43.681,56.001
256.596,10.387,42.750,54.807
252.187,9.428,42.750,54.807
249.133,9.459,41.838,53.638
247.445,8.896,41.838,53.638
243.732,8.925,40.946,52.494
241.346,9.843,40.946,52.494
240.428,9.292,40.946,52.494
237.856,9.675,40.073,51.375
234.443,9.855,40.073,51.375
233.813,9.473,40.959,52.512
230.178,10.210,40.086,51.392
229.548,10.574,40.973,52.529
224.956,11.125,40.973,52.529
223.670,11.676,40.973,52.529
221.282,12.227,40.973,52.529
217.424,12.411,40.973,52.529
216.873,14.064,40.973,52.529
214.852,13.880,40.973,52.529
213.446,15.396,41.879,53.691
209.503,16.710,41.879,53.691
208.188,16.523,41.879,53.691
205.582,18.072,42.806,54.879
204.238,18.263,42.806,54.879
201.575,20.643,43.753,56.093
199.417,20.839,43.753,56.093
197.101,21.644,44.721,57.334
195.697,23.849,44.721,57.334
194.695,24.050,44.721,57.334
191.912,25.704,45.710,58.603
191.807,27.711,44.735,57.353
190.402,29.115,44.735,57.353
189.400,30.519,44.735,57.353
188.798,30.720,44.735,57.353
188.597,33.729,44.735,57.353
190.041,34.920,43.781,56.130
189.760,36.540,44.750,57.372
190.763,38.345,44.750,57.372
190.893,40.833,45.740,58.641
190.174,40.397,46.752,59.939
190.309,42.561,47.787,61.265
190.952,43.204,47.787,61.265
195.452,47.275,47.787,61.265
193.367,49.487,48.844,62.620
193.054,49.476,49.925,64.006
194.127,53.180,51.029,65.422
198.017,53.409,51.029,65.422
197.458,55.209,49.941,64.027
200.817,61.703,49.941,64.027
199.103,61.692,51.046,65.443
236.293,-2.432,52.175,66.891
235.124,-6.877,52.175,66.891
236.761,-7.111,52.175,66.891
238.399,-6.877,52.175,66.891
235.825,-6.643,52.175,66.891
238.867,-5.474,52.175,66.891
237.697,-5.707,52.175,66.891
236.995,-5.941,52.175,66.891
235.358,-6.175,52.175,66.891
237.463,-6.877,52.175,66.891
236.761,-6.643,52.175,66.891
236.527,-6.877,52.175,66.891
236.761,-7.111,52.175,66.891
236.527,-6.877,52.175,66.891
236.293,-6.175,52.175,66.891
234.656,-6.877,52.175,66.891
233.350,-5.918,53.330,68.371
233.111,-5.679,53.330,68.371
231.916,-5.440,53.330,68.371
231.198,-4.723,53.330,68.371
230.615,-4.224,52.192,66.913
229.913,-3.054,52.192,66.913
226.402,-4.224,52.192,66.913
223.828,-3.990,52.192,66.913
224.465,-3.031,53.347,68.394
217.528,-2.792,53.347,68.394
218.246,-1.117,53.347,68.394
212.745,-1.356,53.347,68.394
212.505,-1.117,53.347,68.394
204.083,-3.846,52.209,66.935
204.785,-0.803,52.209,66.935
204.551,0.836,52.209,66.935
200.104,-2.676,52.209,66.935
200.435,0.069,51.096,65.508
193.333,-3.368,51.096,65.508
193.215,0.643,50.006,64.111
190.300,-2.272,50.006,64.111
183.350,-1.599,50.006,64.111
182.229,-1.823,50.006,64.111
179.762,-2.048,50.006,64.111
177.745,-1.375,50.006,64.111
170.282,-3.933,48.940,62.744
169.513,-0.302,50.023,64.132
167.236,-1.563,48.956,62.764
160.090,-2.941,50.039,64.153
158.071,-4.063,50.039,64.153
156.051,-2.941,50.039,64.153
154.032,-3.165,50.039,64.153
147.975,-3.838,50.039,64.153
145.058,-4.063,50.039,64.153
142.590,-4.736,50.039,64.153
138.776,-4.511,50.039,64.153
133.616,-4.736,50.039,64.153
131.148,-4.960,50.039,64.153
127.103,-5.437,51.146,65.572
121.065,-5.925,52.278,67.023
118.017,-5.690,52.278,67.023
116.846,-4.987,52.278,67.023
111.160,-5.972,53.435,68.506
106.608,-5.732,53.435,68.506
108.285,-4.055,53.435,68.506
101.337,-3.336,53.435,68.506
96.306,-4.055,53.435,68.506
91.754,-3.336,53.435,68.506
89.920,-3.348,54.617,70.022
82.456,-1.836,55.825,71.571
81.060,-1.330,57.060,73.154
76.199,-0.050,57.060,73.154
72.648,1.529,58.323,74.773
68.725,2.837,58.323,74.773
67.079,1.365,57.079,73.178
60.169,3.669,57.079,73.178
59.401,3.925,57.079,73.178
55.318,4.443,58.342,74.797
51.917,5.228,58.342,74.797
46.424,4.966,58.342,74.797
45.639,4.704,58.342,74.797
43.285,3.920,58.342,74.797
41.454,3.135,58.342,74.797
38.053,2.350,58.342,74.797
37.792,1.565,58.342,74.797
35.961,0.257,58.342,74.797
34.130,-1.051,58.342,74.797
32.822,-1.835,58.342,74.797
34.130,-1.574,58.342,74.797
31.252,-3.405,58.342,74.797
30.991,-3.143,58.342,74.797
32.298,-6.021,58.342,74.797
29.944,-6.805,58.342,74.797
29.683,-7.590,58.342,74.797
32.574,-7.549,57.098,73.202
31.806,-9.341,57.098,73.202
31.038,-8.573,57.098,73.202
29.758,-10.877,57.098,73.202
32.062,-12.157,57.098,73.202
31.294,-11.901,57.098,73.202
29.865,-12.976,58.361,74.822
28.557,-13.761,58.361,74.822
29.812,-13.775,59.652,76.477
33.289,-14.042,59.652,76.477
35.696,-14.845,59.652,76.477
36.498,-15.647,59.652,76.477
36.766,-16.449,59.652,76.477
39.206,-15.892,58.380,74.846
38.421,-15.630,58.380,74.846
39.206,-15.892,58.380,74.846
38.945,-16.677,58.380,74.846
36.065,-18.509,58.380,74.846
34.756,-20.865,58.380,74.846
29.576,-18.806,57.135,73.250
54.630,-14.815,55.917,71.688
77.699,-11.392,54.724,70.159
78.519,-9.934,53.557,68.663
79.720,-12.096,53.557,68.663
81.448,-11.132,52.415,67.199
82.234,-10.189,51.297,65.766
82.004,-11.799,51.297,65.766
81.774,-9.729,51.297,65.766
83.831,-12.127,52.432,67.221
84.537,-9.541,52.432,67.221
83.361,-9.776,52.432,67.221
88.225,-8.380,51.314,65.788
85.003,-10.117,50.220,64.385
88.831,-8.541,50.220,64.385
85.903,-11.018,50.220,64.385
89.260,-10.983,49.149,63.012
89.921,-9.440,49.149,63.012
80.461,-12.652,50.236,64.406
68.073,-17.833,50.236,64.406
69.153,-17.377,51.348,65.831
70.734,-15.478,52.484,67.287
71.863,-3.771,53.645,68.776
72.103,-6.416,53.645,68.776
72.344,-8.100,53.645,68.776
72.998,-6.615,54.832,70.298
68.133,-20.320,53.663,68.798
69.336,-19.598,53.663,68.798
70.539,-17.914,53.663,68.798
74.189,-10.437,54.850,70.321
70.775,-14.022,56.064,71.877
70.938,-8.297,57.304,73.467
72.222,-9.068,57.304,73.467
71.965,-4.700,57.304,73.467
68.111,-5.985,57.304,73.467
73.608,-13.995,58.572,75.092
72.295,-13.732,58.572,75.092
73.679,-14.703,57.323,73.491
72.908,-15.474,57.323,73.491
71.109,-12.133,57.323,73.491
76.506,-10.334,57.323,73.491
76.249,-9.049,57.323,73.491
75.992,-6.736,57.323,73.491
91.670,-12.133,57.323,73.491
92.955,-14.960,57.323,73.491
94.240,-12.133,57.323,73.491
93.983,-13.932,57.323,73.491
93.212,-14.189,57.323,73.491
92.955,-13.932,57.323,73.491
97.282,-12.406,56.100,71.924
96.184,-12.366,54.904,70.390
97.481,-10.429,53.733,68.889
97.240,-9.706,53.733,68.889
96.895,-9.719,54.922,70.413
96.157,-9.472,54.922,70.413
96.403,-8.734,54.922,70.413
96.157,-7.502,54.922,70.413
95.910,-6.764,54.922,70.413
95.664,-6.517,54.922,70.413
94.925,-6.271,54.922,70.413
94.679,-5.532,54.922,70.413
93.940,-5.286,54.922,70.413
