253.000,66.000,23.000,28.000
252.298,67.304,23.000,28.000
249.190,68.005,23.000,28.000
245.881,68.306,23.000,28.000
242.973,69.409,23.000,28.000
240.222,69.611,22.510,27.403
239.339,69.906,22.510,27.403
236.493,69.611,22.510,27.403
235.021,69.709,22.510,27.403
234.138,69.415,22.510,27.403
233.254,68.335,22.510,27.403
232.567,67.648,22.510,27.403
232.469,67.158,22.510,27.403
231.979,65.686,22.510,27.403
231.684,65.980,22.510,27.403
230.997,65.686,22.510,27.403
231.095,66.176,22.510,27.403
231.390,65.882,22.510,27.403
230.835,65.273,23.008,28.009
231.136,65.574,23.008,28.009
230.635,65.073,23.008,28.009
230.534,64.973,23.008,28.009
230.434,64.672,23.008,28.009
229.933,63.970,23.008,28.009
229.158,62.723,23.517,28.629
227.825,60.775,23.517,28.629
224.905,59.927,24.037,29.262
224.381,59.193,24.037,29.262
222.181,58.250,24.037,29.262
220.399,57.726,24.037,29.262
219.247,56.783,24.037,29.262
216.417,56.678,24.037,29.262
213.651,56.028,24.569,29.910
212.472,57.635,24.569,29.910
210.866,57.742,24.569,29.910
209.473,58.706,24.569,29.910
208.201,58.486,25.112,30.571
205.993,58.034,25.668,31.248
204.199,58.037,26.236,31.939
203.170,58.380,26.236,31.939
201.683,58.494,26.236,31.939
200.425,58.380,26.236,31.939
196.879,56.664,26.236,31.939
195.758,56.192,26.816,32.646
193.537,54.673,26.816,32.646
193.887,53.620,26.816,32.646
193.303,52.568,26.816,32.646
191.915,50.145,27.410,33.368
191.078,48.831,27.410,33.368
189.907,47.098,28.016,34.106
190.738,46.594,28.636,34.861
189.614,46.219,28.636,34.861
189.945,45.963,29.269,35.632
189.224,46.760,29.917,36.421
189.354,47.934,29.917,36.421
190.783,47.937,30.579,37.227
189.753,48.770,31.255,38.050
191.524,49.724,31.255,38.050
191.660,50.678,31.255,38.050
191.797,51.359,31.255,38.050
193.023,52.313,31.255,38.050
192.253,52.599,31.947,38.892
193.785,52.181,31.947,38.892
193.576,51.895,32.654,39.753
193.363,51.308,33.376,40.632
192.635,49.707,33.376,40.632
193.021,48.503,34.115,41.531
191.682,47.462,34.115,41.531
190.046,46.123,34.115,41.531
189.303,45.082,34.115,41.531
188.261,44.339,34.115,41.531
185.733,45.380,34.115,41.531
183.350,44.457,34.870,42.450
181.677,44.913,34.870,42.450
178.610,45.232,35.641,43.389
177.834,45.077,35.641,43.389
175.192,45.543,35.641,43.389
173.794,44.766,35.641,43.389
171.774,43.368,35.641,43.389
170.251,43.049,36.430,44.349
167.706,41.735,37.236,45.330
163.757,39.380,38.059,46.333
161.442,36.630,38.902,47.358
160.132,35.226,39.762,48.406
156.635,35.230,40.642,49.477
155.394,35.762,40.642,49.477
152.737,35.585,40.642,49.477
147.324,35.956,41.541,50.572
141.415,36.712,42.460,51.691
136.047,38.008,42.460,51.691
131.160,39.549,43.400,52.834
126.165,41.516,44.360,54.003
120.658,43.126,45.341,55.198
116.111,45.300,45.341,55.198
109.983,47.080,45.341,55.198
104.251,48.068,45.341,55.198
98.123,49.452,45.341,55.198
91.995,51.231,45.341,55.198
85.867,52.614,45.341,55.198
80.530,53.207,45.341,55.198
77.169,52.219,45.341,55.198
74.204,52.021,45.341,55.198
72.425,51.033,45.341,55.198
70.251,52.417,45.341,55.198
62.937,54.987,45.341,55.198
60.762,55.184,45.341,55.198
62.579,57.869,44.374,54.021
64.707,60.770,44.374,54.021
62.011,59.668,43.428,52.869
65.229,62.887,43.428,52.869
66.555,66.106,43.428,52.869
66.744,69.703,43.428,52.869
66.933,69.135,43.428,52.869
69.395,70.839,43.428,52.869
70.720,71.786,43.428,52.869
73.181,71.596,43.428,52.869
74.885,71.407,43.428,52.869
76.566,70.626,44.389,54.039
79.464,71.388,43.442,52.886
81.547,71.957,43.442,52.886
84.388,70.252,43.442,52.886
85.335,68.169,43.442,52.886
96.131,50.934,43.442,52.886
100.487,46.956,43.442,52.886
100.989,48.140,44.404,54.056
103.505,45.236,44.404,54.056
108.345,45.817,44.404,54.056
110.087,46.398,44.404,54.056
107.958,49.301,44.404,54.056
112.723,50.811,43.457,52.904
115.944,52.895,43.457,52.904
118.028,53.842,43.457,52.904
119.733,53.652,43.457,52.904
118.785,51.568,43.457,52.904
119.733,49.484,43.457,52.904
121.840,48.040,42.530,51.776
121.654,46.742,42.530,51.776
121.376,43.668,43.471,52.921
121.186,40.067,43.471,52.921
123.271,39.878,43.471,52.921
121.186,38.551,43.471,52.921
107.731,48.975,43.471,52.921
104.723,53.741,42.544,51.793
103.796,52.813,42.544,51.793
102.869,54.111,42.544,51.793
103.143,55.558,41.637,50.688
101.510,57.191,41.637,50.688
98.279,57.557,40.749,49.607
93.838,57.379,40.749,49.607
89.042,57.202,40.749,49.607
83.890,57.024,40.749,49.607
78.027,59.333,40.749,49.607
73.941,59.156,40.749,49.607
71.465,61.911,39.880,48.549
71.387,62.261,39.029,47.514
72.295,62.931,38.197,46.501
74.147,64.872,37.382,45.509
75.288,64.057,37.382,45.509
78.059,63.894,37.382,45.509
80.829,63.731,37.382,45.509
83.274,66.501,37.382,45.509
87.674,65.361,37.382,45.509
91.749,64.872,37.382,45.509
96.149,63.731,37.382,45.509
99.571,64.546,37.382,45.509
105.602,63.731,37.382,45.509
111.184,63.745,36.585,44.538
114.853,62.309,36.585,44.538
119.159,61.193,36.585,44.538
125.545,60.284,35.805,43.589
127.886,58.255,35.805,43.589
131.477,56.538,35.805,43.589
134.442,55.133,35.805,43.589
138.033,54.040,35.805,43.589
142.872,52.635,35.805,43.589
146.714,51.144,35.041,42.659
149.617,51.297,35.041,42.659
152.519,50.533,35.041,42.659
155.422,52.214,35.041,42.659
157.412,52.534,35.817,43.603
159.446,53.834,36.609,44.568
161.201,54.951,36.609,44.568
163.280,54.955,37.419,45.554
165.405,55.636,38.247,46.562
162.733,55.294,39.093,47.592
165.289,55.805,39.093,47.592
167.156,53.687,39.958,48.645
169.425,52.245,40.842,49.721
171.744,49.663,41.746,50.821
174.474,48.025,41.746,50.821
176.467,45.763,42.670,51.946
179.257,43.345,42.670,51.946
182.048,41.671,42.670,51.946
184.085,39.359,43.614,53.095
186.167,36.996,44.579,54.270
189.082,34.858,44.579,54.270
191.997,33.498,44.579,54.270
193.358,33.304,44.579,54.270
196.662,36.608,44.579,54.270
199.188,38.357,44.579,54.270
203.269,41.272,44.579,54.270
204.241,44.187,44.579,54.270
207.156,47.102,44.579,54.270
210.460,50.795,44.579,54.270
213.376,53.710,44.579,54.270
216.291,52.350,44.579,54.270
219.206,55.654,44.579,54.270
222.121,53.905,44.579,54.270
223.870,55.654,44.579,54.270
224.065,55.848,44.579,54.270
224.259,56.042,44.579,54.270
225.296,55.685,43.628,53.112
223.965,56.636,43.628,53.112
224.155,55.304,43.628,53.112
222.443,55.494,43.628,53.112
223.014,57.587,43.628,53.112
224.029,59.803,42.698,51.980
224.588,62.223,42.698,51.980
224.774,63.526,42.698,51.980
225.705,65.573,42.698,51.980
225.891,67.993,42.698,51.980
226.167,71.239,41.787,50.871
226.349,69.964,41.787,50.871
225.438,73.061,41.787,50.871
226.349,71.057,41.787,50.871
223.980,69.781,41.787,50.871
221.792,68.392,40.896,49.786
219.474,67.501,40.896,49.786
217.156,66.609,40.896,49.786
213.559,65.134,41.801,50.888
210.461,62.036,41.801,50.888
202.625,61.284,42.726,52.014
200.413,60.515,43.671,53.165
196.415,61.467,43.671,53.165
190.513,63.181,43.671,53.165
187.657,63.752,43.671,53.165
184.801,66.988,43.671,53.165
179.280,69.463,43.671,53.165
176.424,71.939,43.671,53.165
171.792,73.128,44.637,54.341
168.095,74.880,44.637,54.341
164.008,73.907,44.637,54.341
160.700,74.880,44.637,54.341
157.003,73.517,44.637,54.341
154.862,72.544,44.637,54.341
153.110,70.793,44.637,54.341
154.083,71.377,44.637,54.341
156.224,68.847,44.637,54.341
158.365,67.874,44.637,54.341
161.673,66.122,44.637,54.341
165.760,67.095,44.637,54.341
168.290,65.344,44.637,54.341
170.430,64.760,44.637,54.341
172.571,65.733,44.637,54.341
175.490,67.095,44.637,54.341
179.187,68.458,44.637,54.341
181.717,68.263,44.637,54.341
183.858,70.015,44.637,54.341
188.334,70.598,44.637,54.341
191.253,71.571,44.637,54.341
195.729,70.598,44.637,54.341
200.594,71.182,44.637,54.341
205.070,72.544,44.637,54.341
210.713,70.793,44.637,54.341
215.578,70.209,44.637,54.341
219.276,71.571,44.637,54.341
224.233,68.749,45.625,55.543
227.615,69.346,45.625,55.543
230.996,67.954,45.625,55.543
233.980,69.346,45.625,55.543
237.396,68.938,46.634,56.772
240.044,66.833,47.666,58.028
242.330,69.119,47.666,58.028
242.954,68.911,47.666,58.028
242.861,67.728,46.649,56.791
243.822,67.310,47.682,58.047
242.928,68.530,46.665,56.809
242.445,67.763,45.670,55.598
240.653,66.768,45.670,55.598
239.259,69.356,45.670,55.598
239.938,67.838,44.696,54.412
240.227,70.109,43.743,53.252
240.509,69.390,42.810,52.116
243.664,69.766,41.897,51.005
246.039,71.409,41.897,51.005
248.048,71.957,41.897,51.005
250.784,73.734,41.003,49.917
251.999,74.480,41.910,51.021
271.184,86.722,41.910,51.021
270.636,88.001,41.910,51.021
269.357,86.722,41.910,51.021
267.713,84.346,41.910,51.021
264.972,82.337,41.910,51.021
263.328,85.077,41.910,51.021
263.876,82.337,41.910,51.021
263.090,85.874,41.017,49.933
261.838,83.907,41.017,49.933
263.447,84.802,41.017,49.933
262.911,82.835,41.017,49.933
264.520,83.013,41.017,49.933
264.699,81.404,41.017,49.933
267.032,81.764,40.142,48.869
270.665,85.153,39.286,47.826
272.900,83.186,38.448,46.807
274.441,85.139,37.628,45.808
275.317,83.889,36.826,44.831
277.412,84.212,36.041,43.875
278.511,83.112,36.041,43.875
278.669,82.012,36.041,43.875
280.083,81.855,36.041,43.875
282.739,81.263,35.272,42.940
283.559,80.683,34.520,42.024
283.710,80.232,34.520,42.024
284.223,81.405,33.784,41.128
284.370,80.669,33.784,41.128
284.223,81.405,33.784,41.128
283.487,80.374,33.784,41.128
283.339,79.638,33.784,41.128
282.603,80.963,33.784,41.128
281.867,79.343,33.784,41.128
280.541,78.901,33.784,41.128
279.805,78.754,33.784,41.128
278.603,77.915,33.063,40.251
277.705,78.205,32.358,39.392
276.436,78.064,32.358,39.392
274.320,77.358,32.358,39.392
